1 21 160
1 25 40
1 37 20
1 39 80
1 43 360
1 60 160
1 66 20
1 72 760
1 73 40
1 76 20
1 77 940
1 98 100
1 132 40
1 179 2460
1 213 20
1 218 20
1 240 200
1 241 20
1 260 40
1 263 40
1 267 60
1 276 1700
1 291 20
2 9 40
2 10 540
2 17 200
2 22 20
2 23 140
2 25 40
2 26 20
2 39 140
2 50 20
2 53 33640
2 56 20
2 58 180
2 61 20
2 65 60
2 68 1720
2 72 40
2 76 20
2 81 20
2 86 480
2 90 60
2 103 40
2 106 20
2 107 100
2 109 80
2 118 240
2 121 60
2 124 100
2 125 20
2 127 1880
2 130 1280
2 134 140
2 143 580
2 149 160
2 154 20
2 164 80
2 170 1240
2 182 60
2 184 80
2 189 20
2 192 40
2 193 220
2 203 40
2 208 20
2 218 1940
2 221 20
2 226 40
2 229 360
2 235 420
2 250 20
2 264 32220
2 265 20
2 286 40
2 288 120
2 295 20
2 306 20
2 317 20
3 18 540
3 35 9840
3 48 1680
3 87 40
3 88 20
3 92 3020
3 96 140
3 97 40
3 104 20
3 119 40
3 123 2340
3 125 1860
3 146 10220
3 153 100
3 157 40
3 161 2680
3 177 140
3 204 200
3 206 360
3 207 200
3 215 120
3 237 1120
3 244 400
3 246 100
3 247 20
3 269 60
3 270 20
3 272 60
3 281 240
3 282 20
3 285 60
3 291 40
3 310 60
3 312 20
3 313 20
4 5 40
4 6 100
4 8 400
4 16 1480
4 19 4480
4 22 40
4 26 20
4 28 220
4 30 760
4 31 360
4 32 20
4 34 300
4 36 80
4 41 20
4 42 60
4 45 20
4 51 1820
4 58 20
4 62 80
4 71 260
4 74 100
4 79 40
4 80 60
4 88 5040
4 93 100
4 94 40
4 99 120
4 100 1560
4 102 20
4 106 20
4 115 40
4 116 100
4 120 940
4 122 580
4 124 20
4 130 20
4 134 120
4 137 300
4 139 60
4 144 820
4 159 3100
4 162 5680
4 168 20
4 171 40
4 175 720
4 178 340
4 180 1180
4 183 20
4 188 20
4 200 3160
4 202 20
4 210 20
4 221 20
4 223 20
4 228 60
4 231 20
4 233 280
4 236 60
4 249 120
4 253 20
4 273 40
4 277 400
4 279 20
4 289 3300
4 303 20
4 305 20
4 317 20
4 318 60
4 325 20
5 16 20
5 22 960
5 41 60
5 42 360
5 49 20
5 64 3060
5 67 60
5 69 300
5 70 920
5 79 20
5 81 20
5 82 720
5 85 60
5 100 580
5 102 420
5 106 200
5 108 20
5 112 280
5 119 100
5 126 640
5 131 300
5 137 360
5 139 20
5 140 160
5 187 200
5 191 20
5 194 160
5 201 40
5 205 220
5 232 120
5 236 20
5 243 220
5 258 20
5 273 560
5 275 80
5 289 40
5 318 20
6 8 560
6 16 2000
6 19 280
6 28 180
6 30 20
6 31 420
6 34 320
6 36 60
6 45 160
6 51 40
6 62 140
6 71 1460
6 74 2040
6 79 3240
6 80 1980
6 88 140
6 92 60
6 93 2760
6 99 20
6 116 1440
6 120 80
6 122 280
6 139 60
6 144 1020
6 159 220
6 160 20
6 162 60
6 171 360
6 175 460
6 178 80
6 180 160
6 186 20
6 200 40
6 228 40
6 231 20
6 238 40
6 245 20
6 249 1060
6 253 1420
6 289 580
6 313 20
7 15 1140
7 20 20
7 22 20
7 110 160
7 113 1060
7 114 300
7 115 20
7 117 800
7 136 140
7 138 220
7 151 20
7 152 1660
7 156 480
7 166 40
7 181 20
7 185 720
7 186 5980
7 188 20
7 212 200
7 219 1180
7 227 20
7 239 40
7 251 660
7 257 80
7 259 60
7 268 20
7 280 3040
7 303 120
7 305 20
7 310 420
7 318 20
8 28 80
8 34 100
8 36 340
8 45 40
8 71 420
8 74 860
8 79 40
8 80 640
8 88 120
8 93 1440
8 100 20
8 122 80
8 139 20
8 144 3280
8 159 40
8 171 300
8 175 20
8 178 60
8 200 20
8 228 100
8 231 20
8 236 20
8 238 160
8 245 100
8 249 11980
8 253 120
8 326 20
9 10 1880
9 23 60
9 25 380
9 53 140
9 61 1180
9 63 4780
9 66 280
9 68 40
9 86 20
9 88 20
9 103 80
9 105 20
9 107 20
9 111 20
9 118 40
9 121 20
9 124 240
9 130 20
9 134 840
9 143 400
9 149 20
9 154 40
9 164 20
9 170 4920
9 182 20
9 184 40
9 192 40
9 203 20
9 221 40
9 229 1680
9 235 20
9 246 20
9 264 160
9 265 20
9 278 20
9 286 220
9 318 20
10 17 20
10 23 20
10 53 1140
10 58 120
10 61 1540
10 65 80
10 68 200
10 76 40
10 82 20
10 86 3300
10 109 20
10 111 20
10 118 620
10 120 20
10 121 20
10 124 5460
10 127 20
10 130 260
10 134 320
10 142 660
10 143 2460
10 149 1840
10 154 300
10 164 20
10 168 20
10 170 960
10 176 40
10 184 60
10 192 40
10 193 100
10 218 1000
10 229 680
10 235 120
10 264 380
10 277 20
10 278 380
10 279 1640
10 283 20
10 286 20
11 22 80
11 49 920
11 64 20
11 71 2320
11 87 3120
11 88 20
11 92 640
11 97 60
11 125 80
11 153 640
11 161 20
11 177 20
11 207 60
11 221 20
11 246 200
11 266 20
11 270 20
11 271 2740
11 280 60
11 282 40
11 285 120
11 293 20
11 310 20
11 315 1160
12 13 1440
12 15 160
12 20 320
12 55 1080
12 56 80
12 57 60
12 75 4140
12 80 40
12 84 100
12 89 20
12 93 40
12 94 160
12 95 100
12 116 20
12 126 20
12 134 40
12 138 60
12 146 40
12 149 60
12 183 160
12 188 20
12 202 60
12 210 140
12 214 60
12 220 220
12 224 80
12 225 40
12 226 20
12 234 40
12 257 900
12 259 80
12 261 80
12 326 2160
12 327 540
13 15 360
13 20 140
13 26 20
13 29 20
13 44 20
13 55 500
13 56 100
13 57 60
13 61 40
13 66 20
13 69 40
13 75 880
13 77 40
13 79 20
13 81 20
13 83 60
13 84 2900
13 94 12540
13 95 280
13 108 120
13 122 40
13 134 40
13 137 20
13 138 160
13 145 120
13 163 20
13 183 160
13 188 20
13 195 20
13 197 180
13 198 40
13 202 320
13 210 4700
13 213 60
13 214 560
13 218 20
13 220 720
13 222 20
13 224 200
13 225 120
13 226 80
13 234 160
13 257 1280
13 259 140
13 261 80
13 280 20
13 295 40
13 305 400
13 310 40
13 314 20
13 317 20
13 323 20
14 17 20
14 25 20
14 37 220
14 39 160
14 40 20
14 43 540
14 44 60
14 46 40
14 60 40
14 66 20
14 70 20
14 72 860
14 77 140
14 91 180
14 98 1260
14 105 14140
14 111 60
14 129 100
14 132 1320
14 134 20
14 135 20
14 136 20
14 156 20
14 158 40
14 179 20
14 202 20
14 208 320
14 216 20
14 222 20
14 229 320
14 260 19340
14 263 20
14 267 20
14 276 60
14 281 20
15 20 120
15 39 40
15 44 20
15 55 40
15 56 20
15 57 20
15 75 60
15 83 380
15 84 120
15 94 60
15 95 20
15 130 20
15 138 260
15 140 300
15 141 20
15 145 20
15 186 1240
15 188 60
15 196 20
15 198 200
15 202 1540
15 207 180
15 210 25800
15 213 20
15 214 80
15 219 80
15 220 11420
15 224 120
15 225 20
15 226 220
15 234 20
15 257 420
15 259 340
15 261 20
15 275 20
15 299 140
15 303 40
15 305 80
15 314 20
15 318 20
15 320 20
15 325 20
16 19 8760
16 23 20
16 25 20
16 28 60
16 30 4460
16 31 60
16 34 80
16 36 80
16 45 160
16 46 40
16 51 180
16 62 40
16 66 20
16 71 20
16 74 40
16 76 320
16 79 2140
16 80 80
16 88 140
16 93 40
16 99 40
16 100 380
16 102 40
16 114 20
16 115 40
16 116 340
16 120 480
16 122 240
16 126 80
16 134 40
16 136 20
16 137 20
16 139 80
16 144 120
16 159 100
16 162 640
16 168 20
16 171 120
16 175 420
16 178 220
16 180 100
16 181 20
16 188 20
16 193 320
16 198 20
16 200 300
16 206 20
16 221 2040
16 228 200
16 231 200
16 236 460
16 242 20
16 253 20
16 262 40
16 285 20
16 289 80
16 292 40
16 297 40
16 318 40
17 23 120
17 25 20
17 43 120
17 53 60
17 58 20
17 60 20
17 66 20
17 72 920
17 86 20
17 103 380
17 107 2120
17 119 20
17 127 140
17 130 400
17 132 80
17 146 20
17 154 360
17 164 60
17 184 240
17 221 20
17 229 60
17 264 360
17 265 20
18 48 20
18 92 8120
18 96 20
18 119 20
18 123 720
18 125 40
18 146 160
18 157 20
18 177 20
18 206 40
18 237 640
18 272 20
18 282 140
18 310 20
19 30 560
19 31 20
19 34 280
19 45 60
19 51 20
19 72 20
19 74 20
19 88 340
19 99 20
19 100 640
19 105 20
19 116 140
19 120 220
19 122 40
19 137 20
19 139 20
19 144 20
19 162 80
19 171 40
19 178 200
19 180 800
19 200 80
19 228 40
19 241 880
19 253 380
19 289 80
19 294 20
19 295 20
19 317 20
20 41 20
20 55 6020
20 56 40
20 57 560
20 75 3360
20 83 40
20 84 20
20 94 40
20 95 20
20 114 300
20 117 80
20 157 20
20 163 20
20 183 20
20 188 160
20 195 20
20 196 40
20 197 40
20 198 60
20 202 360
20 210 20
20 213 80
20 214 660
20 220 40
20 225 120
20 234 1120
20 257 7780
20 259 4020
20 261 40
20 268 80
20 296 20
20 299 20
20 300 40
20 301 800
20 305 60
20 320 140
20 322 260
21 37 80
21 39 560
21 43 520
21 60 16160
21 66 60
21 72 40
21 76 1640
21 77 160
21 91 40
21 98 6300
21 105 220
21 109 960
21 111 20
21 132 160
21 147 40
21 158 40
21 179 180
21 193 100
21 208 40
21 218 880
21 221 460
21 240 200
21 241 16180
21 260 100
21 263 460
21 267 100
21 276 200
22 32 140
22 41 3120
22 42 2620
22 49 820
22 51 80
22 55 20
22 64 1980
22 67 380
22 69 180
22 70 40
22 78 380
22 80 40
22 81 20
22 87 60
22 88 20
22 92 20
22 100 360
22 102 1280
22 106 700
22 108 80
22 112 180
22 122 20
22 126 2400
22 131 4720
22 137 100
22 139 60
22 140 840
22 144 40
22 160 2860
22 180 20
22 191 740
22 194 1480
22 201 60
22 204 40
22 205 20
22 232 160
22 236 600
22 243 60
22 250 3820
22 252 20
22 258 720
22 264 20
22 273 80
22 275 1180
22 277 20
22 287 20
22 318 40
23 25 20
23 37 20
23 53 120
23 58 4840
23 61 20
23 65 80
23 66 140
23 68 660
23 72 100
23 76 20
23 86 1700
23 90 1680
23 103 1520
23 107 140
23 109 40
23 118 60
23 121 380
23 124 100
23 127 40
23 129 20
23 130 2460
23 134 120
23 143 20
23 146 20
23 149 120
23 153 20
23 154 80
23 164 10540
23 170 20
23 177 20
23 184 480
23 188 20
23 192 540
23 203 2520
23 229 580
23 235 20
23 240 20
23 241 20
23 242 20
23 246 60
23 264 140
23 265 620
23 274 20
23 280 20
23 286 840
23 287 20
24 52 160
24 278 20
25 27 20
25 37 220
25 39 40
25 43 80
25 44 40
25 46 60
25 48 120
25 50 20
25 60 20
25 63 140
25 66 14340
25 72 100
25 73 16880
25 76 60
25 88 80
25 91 740
25 109 60
25 111 60
25 129 40
25 132 20
25 147 60
25 158 60
25 179 40
25 193 40
25 196 20
25 208 60
25 216 20
25 218 80
25 221 900
25 229 20
25 240 120
25 241 20
25 263 40
25 264 20
25 267 40
25 274 20
25 276 20
25 293 20
25 305 20
25 314 20
26 29 660
26 40 40
26 46 20
26 47 80
26 52 20
26 53 560
26 65 1660
26 68 20
26 118 60
26 130 80
26 135 320
26 142 200
26 143 1400
26 148 20
26 155 100
26 165 20
26 168 80
26 169 20
26 174 180
26 176 40
26 182 60
26 189 320
26 190 980
26 211 80
26 218 60
26 221 220
26 222 700
26 248 7400
26 254 580
26 255 20
26 256 220
26 278 700
26 279 640
26 283 180
26 287 560
26 288 12680
27 37 300
27 39 40
27 40 20
27 44 580
27 46 1060
27 50 12700
27 52 40
27 66 160
27 68 360
27 72 40
27 73 580
27 76 160
27 77 20
27 91 2460
27 101 100
27 105 40
27 109 60
27 111 60
27 114 20
27 124 460
27 129 100
27 132 20
27 135 120
27 147 1660
27 158 1320
27 189 20
27 193 20
27 202 20
27 208 80
27 216 440
27 218 60
27 240 120
27 241 40
27 263 60
27 279 20
27 318 20
28 30 60
28 31 860
28 33 20
28 34 20
28 36 11040
28 45 20
28 48 20
28 51 20
28 62 20
28 71 200
28 74 300
28 79 200
28 80 540
28 93 320
28 116 1380
28 120 60
28 122 60
28 139 40
28 140 40
28 144 60
28 159 480
28 160 20
28 162 40
28 171 120
28 175 60
28 178 80
28 180 180
28 200 100
28 228 60
28 245 140
28 249 100
28 253 480
28 262 20
28 289 40
29 40 60
29 47 20
29 52 40
29 53 400
29 65 300
29 68 360
29 109 20
29 111 60
29 118 340
29 121 20
29 123 20
29 130 260
29 135 20
29 143 560
29 146 20
29 148 80
29 155 100
29 165 20
29 168 100
29 169 20
29 173 20
29 174 20
29 176 40
29 182 40
29 189 20
29 190 60
29 209 300
29 217 100
29 218 180
29 221 7880
29 222 40
29 230 20
29 235 60
29 240 20
29 248 80
29 255 280
29 256 20
29 260 20
29 275 20
29 279 2480
29 283 40
29 287 80
29 288 500
29 314 20
29 323 20
30 31 40
30 34 1380
30 36 40
30 45 80
30 51 60
30 74 80
30 79 80
30 88 120
30 99 40
30 100 300
30 111 20
30 115 20
30 116 100
30 120 740
30 122 40
30 126 20
30 134 20
30 139 160
30 159 540
30 162 420
30 171 60
30 175 20
30 176 20
30 178 60
30 180 140
30 200 880
30 221 700
30 228 80
30 250 40
30 253 60
30 277 20
30 283 20
30 289 60
30 297 20
30 305 20
30 314 20
31 33 100
31 34 80
31 36 140
31 45 1220
31 51 60
31 62 6180
31 64 20
31 71 80
31 74 340
31 79 420
31 80 120
31 88 60
31 93 540
31 95 20
31 99 20
31 111 20
31 116 3620
31 120 180
31 122 80
31 134 20
31 144 260
31 159 320
31 160 60
31 167 9900
31 171 160
31 175 260
31 178 80
31 180 140
31 198 20
31 200 400
31 228 100
31 231 140
31 233 140
31 249 100
31 250 40
31 253 180
31 277 100
31 289 240
32 33 280
32 41 320
32 42 140
32 49 220
32 51 40
32 64 60
32 67 160
32 68 20
32 69 160
32 70 7260
32 71 60
32 81 2440
32 82 460
32 100 80
32 102 60
32 104 2540
32 106 60
32 112 120
32 120 20
32 126 180
32 128 100
32 131 2020
32 137 60
32 139 20
32 140 1600
32 147 20
32 154 20
32 194 60
32 200 40
32 201 480
32 202 280
32 205 20
32 227 20
32 236 180
32 250 40
32 258 20
32 273 60
32 275 240
32 277 20
32 291 20
32 318 20
33 36 300
33 51 80
33 66 20
33 71 40
33 79 60
33 80 440
33 81 20
33 93 100
33 116 800
33 120 60
33 122 20
33 126 20
33 131 220
33 139 120
33 144 20
33 159 100
33 160 840
33 175 20
33 178 40
33 180 80
33 200 620
33 201 480
33 216 40
33 236 20
33 245 40
33 249 20
33 250 20
34 36 20
34 45 2900
34 51 60
34 60 20
34 71 60
34 74 240
34 79 900
34 80 280
34 87 20
34 88 18440
34 93 40
34 95 20
34 97 20
34 99 20
34 112 80
34 116 2400
34 122 2780
34 136 20
34 144 520
34 159 40
34 162 300
34 171 140
34 175 2980
34 178 5540
34 180 200
34 200 700
34 228 300
34 233 480
34 245 380
34 247 20
34 249 3220
34 253 40
34 257 20
34 289 2060
35 48 1520
35 81 20
35 87 60
35 88 20
35 92 80
35 96 40
35 97 340
35 108 20
35 117 40
35 123 2140
35 125 3100
35 136 80
35 146 160
35 153 260
35 157 20
35 161 2620
35 177 1260
35 180 40
35 181 20
35 202 40
35 204 4020
35 206 180
35 207 40
35 215 60
35 237 1460
35 246 4940
35 247 100
35 250 20
35 262 20
35 266 180
35 269 1520
35 270 280
35 271 60
35 272 20
35 281 160
35 282 180
35 285 180
35 296 60
35 304 100
35 305 20
36 38 20
36 45 840
36 48 40
36 51 380
36 54 20
36 62 180
36 71 140
36 74 220
36 79 500
36 80 580
36 88 40
36 93 760
36 99 60
36 112 100
36 116 340
36 122 200
36 140 120
36 144 140
36 159 620
36 160 20
36 162 20
36 167 60
36 171 180
36 175 140
36 178 180
36 180 5320
36 200 40
36 228 220
36 231 120
36 253 1580
36 266 20
36 315 20
37 39 460
37 43 880
37 44 1000
37 46 2240
37 50 80
37 52 20
37 62 20
37 66 160
37 72 540
37 73 240
37 76 40
37 91 8340
37 98 60
37 101 200
37 109 80
37 111 20
37 125 20
37 128 40
37 129 440
37 130 20
37 131 20
37 132 2660
37 135 2500
37 136 20
37 147 10620
37 149 20
37 158 520
37 164 20
37 179 20
37 193 20
37 202 20
37 208 600
37 216 40
37 226 20
37 240 140
37 260 60
37 267 20
37 276 40
37 287 20
38 79 20
38 133 20
38 136 20
38 138 20
38 152 80
38 202 120
38 284 40
38 297 60
38 302 100
38 313 260
38 318 100
39 40 40
39 41 20
39 43 2080
39 44 100
39 46 20
39 47 20
39 52 40
39 53 100
39 60 440
39 65 20
39 66 80
39 68 40
39 70 960
39 72 220
39 73 120
39 75 20
39 76 60
39 77 580
39 91 180
39 95 20
39 98 700
39 101 40
39 105 400
39 107 20
39 109 7640
39 111 20
39 115 20
39 121 20
39 124 80
39 132 260
39 134 140
39 147 40
39 149 20
39 154 80
39 158 20
39 164 40
39 169 20
39 174 80
39 179 320
39 184 60
39 189 60
39 190 60
39 192 20
39 193 40
39 199 60
39 202 20
39 208 60
39 210 40
39 216 20
39 217 40
39 218 120
39 225 20
39 226 20
39 229 80
39 230 200
39 240 500
39 241 120
39 242 60
39 247 20
39 256 60
39 259 20
39 260 820
39 263 100
39 264 220
39 267 20
39 274 40
39 276 240
39 279 20
39 287 40
39 290 20
39 293 200
39 294 260
39 295 160
39 302 300
39 307 340
39 309 20
39 317 440
39 321 40
39 323 800
40 43 20
40 47 10100
40 52 60
40 64 120
40 65 100
40 66 20
40 142 20
40 148 520
40 165 100
40 169 20
40 173 40
40 174 6620
40 182 160
40 189 40
40 190 40
40 211 20
40 217 820
40 221 60
40 222 20
40 230 4800
40 240 20
40 248 60
40 254 500
40 255 40
40 256 360
40 274 28080
40 278 40
40 283 60
40 287 60
40 288 160
40 305 80
40 308 20
40 314 20
41 42 200
41 49 40
41 64 1800
41 67 4540
41 69 420
41 70 2820
41 78 20
41 81 2560
41 82 1340
41 95 20
41 100 40
41 102 40
41 104 100
41 106 400
41 108 300
41 109 60
41 112 20
41 121 60
41 126 100
41 128 20
41 131 4040
41 137 300
41 139 20
41 140 320
41 191 220
41 203 40
41 205 120
41 232 40
41 236 180
41 242 280
41 243 20
41 250 200
41 252 280
41 273 40
41 275 60
41 277 20
41 280 20
41 301 40
42 49 20
42 51 60
42 64 7800
42 67 500
42 69 1380
42 70 60
42 81 120
42 85 20
42 102 420
42 104 20
42 106 40
42 108 60
42 112 20
42 125 100
42 126 100
42 128 40
42 137 40
42 139 120
42 140 1120
42 168 20
42 191 700
42 201 60
42 205 900
42 232 320
42 236 140
42 243 60
42 250 440
42 252 20
42 258 20
42 264 20
42 273 100
42 275 380
42 277 60
42 318 40
43 44 60
43 46 80
43 53 20
43 60 820
43 66 100
43 72 5060
43 73 60
43 76 140
43 77 1200
43 91 360
43 98 1180
43 105 820
43 107 300
43 109 380
43 111 20
43 129 80
43 132 15640
43 135 400
43 147 740
43 158 20
43 179 1420
43 182 20
43 199 100
43 208 320
43 240 200
43 241 140
43 260 660
43 263 60
43 267 640
43 274 20
43 276 840
43 327 20
44 46 25540
44 50 5360
44 58 20
44 60 20
44 66 1260
44 72 60
44 73 140
44 76 940
44 77 20
44 91 560
44 98 20
44 101 220
44 105 20
44 109 300
44 111 140
44 129 100
44 132 20
44 135 160
44 147 780
44 158 2640
44 181 20
44 193 180
44 199 20
44 208 80
44 216 560
44 218 160
44 240 180
44 241 40
44 260 20
44 263 20
44 264 20
44 267 20
44 278 20
44 279 40
45 58 20
45 60 40
45 62 1640
45 64 20
45 71 100
45 74 220
45 79 1960
45 80 120
45 88 580
45 93 120
45 95 220
45 99 1200
45 116 19800
45 120 420
45 122 20
45 139 40
45 142 20
45 144 100
45 151 20
45 159 220
45 160 40
45 167 20
45 171 60
45 175 5660
45 178 340
45 180 100
45 200 340
45 228 220
45 231 80
45 245 20
45 249 40
45 253 140
45 297 120
45 314 20
45 321 20
46 50 3180
46 52 540
46 60 200
46 66 100
46 68 20
46 73 1040
46 77 40
46 91 1940
46 101 33340
46 105 20
46 109 240
46 111 1700
46 127 60
46 129 740
46 132 220
46 133 20
46 135 500
46 138 20
46 147 400
46 148 20
46 149 20
46 158 4480
46 176 20
46 179 20
46 193 200
46 199 20
46 208 260
46 216 600
46 217 20
46 218 2080
46 226 20
46 240 300
46 241 40
46 260 160
46 263 140
46 264 20
46 267 100
46 275 20
46 279 20
46 286 20
46 287 20
46 288 20
46 314 20
47 52 340
47 65 40
47 70 20
47 76 20
47 77 20
47 109 160
47 124 360
47 134 220
47 164 20
47 165 60
47 168 3660
47 169 480
47 173 140
47 174 2160
47 176 40
47 182 20
47 189 20
47 190 100
47 217 120
47 221 660
47 222 40
47 223 80
47 230 480
47 241 40
47 246 20
47 248 120
47 254 40
47 256 240
47 274 420
47 283 3080
47 287 2460
47 288 820
48 49 40
48 58 20
48 66 160
48 87 20
48 88 20
48 92 40
48 96 60
48 97 580
48 119 20
48 123 140
48 125 2400
48 146 40
48 153 40
48 167 80
48 176 20
48 177 640
48 204 80
48 206 160
48 207 140
48 215 60
48 237 40
48 244 40
48 246 940
48 247 60
48 253 80
48 266 260
48 269 200
48 270 20
48 282 100
48 285 20
48 295 20
48 296 20
48 305 180
48 310 40
48 315 20
49 64 20
49 71 2380
49 80 60
49 81 20
49 87 560
49 92 140
49 93 20
49 100 60
49 102 60
49 104 20
49 106 60
49 108 20
49 112 20
49 125 20
49 126 20
49 128 40
49 131 4340
49 137 40
49 140 20
49 153 1100
49 160 200
49 194 280
49 243 60
49 250 60
49 252 20
49 271 160
49 285 20
49 317 20
50 52 80
50 60 60
50 61 720
50 66 100
50 72 120
50 73 120
50 76 60
50 87 20
50 91 5280
50 98 20
50 101 1020
50 105 120
50 109 1000
50 111 520
50 132 20
50 135 100
50 145 20
50 147 360
50 148 480
50 158 4840
50 176 60
50 184 20
50 193 140
50 201 20
50 208 140
50 216 800
50 217 20
50 218 140
50 226 80
50 232 20
50 240 220
50 263 20
50 276 120
50 293 20
50 294 20
50 300 100
50 310 20
51 62 20
51 64 80
51 67 80
51 70 40
51 71 20
51 74 200
51 79 140
51 80 140
51 81 20
51 88 20
51 99 60
51 100 20
51 102 20
51 106 20
51 116 20
51 120 20
51 122 260
51 125 20
51 126 20
51 131 100
51 137 20
51 139 620
51 140 420
51 144 40
51 159 340
51 160 20
51 162 940
51 163 20
51 171 20
51 175 40
51 178 2560
51 180 360
51 200 100
51 201 60
51 228 20
51 236 40
51 249 20
51 250 400
51 253 60
51 266 100
51 275 940
51 294 20
51 302 20
51 318 20
52 65 40
52 95 20
52 101 60
52 109 40
52 142 340
52 147 40
52 148 1160
52 155 80
52 158 20
52 165 320
52 168 20
52 169 20
52 173 40
52 174 60
52 176 5660
52 182 20
52 211 40
52 217 1980
52 221 140
52 248 20
52 254 380
52 256 260
52 264 40
52 274 60
52 278 400
52 279 40
52 283 300
52 288 20
52 296 20
52 313 20
53 58 460
53 61 20
53 67 20
53 68 1240
53 72 120
53 86 1380
53 90 280
53 100 20
53 103 40
53 106 20
53 107 80
53 109 40
53 116 20
53 118 160
53 121 60
53 124 220
53 127 100
53 130 2280
53 134 60
53 143 3000
53 149 100
53 154 60
53 155 20
53 170 2360
53 174 20
53 182 20
53 184 80
53 192 860
53 193 60
53 197 20
53 218 3320
53 221 800
53 226 20
53 229 160
53 235 580
53 240 40
53 241 20
53 259 20
53 264 3060
53 267 20
53 279 440
53 286 60
53 287 80
53 288 160
53 292 20
53 306 20
53 310 20
54 110 2420
54 113 60
54 115 20
54 172 40
54 202 20
54 214 20
54 319 20
55 56 340
55 57 680
55 75 140
55 84 360
55 89 60
55 94 240
55 95 40
55 138 160
55 145 20
55 183 180
55 185 60
55 186 120
55 195 20
55 196 20
55 197 20
55 198 20
55 202 20
55 210 140
55 213 240
55 214 3680
55 220 60
55 225 100
55 226 80
55 234 940
55 240 20
55 257 7740
55 259 60
55 261 40
55 280 40
55 295 20
55 303 40
55 305 120
55 310 60
55 312 100
56 57 100
56 74 20
56 75 160
56 84 60
56 94 80
56 95 100
56 114 20
56 145 40
56 163 200
56 183 240
56 188 100
56 195 20
56 196 20
56 198 220
56 202 60
56 210 60
56 212 80
56 213 1060
56 214 80
56 220 100
56 224 100
56 225 60
56 226 680
56 234 40
56 252 20
56 257 6860
56 259 140
56 261 1640
56 264 20
56 280 20
56 293 40
56 294 20
56 295 20
56 303 20
56 310 400
56 312 220
56 320 20
57 75 220
57 83 20
57 84 440
57 94 320
57 95 180
57 138 60
57 145 260
57 163 260
57 183 140
57 188 20
57 198 420
57 202 20
57 210 20
57 213 1340
57 214 5060
57 218 20
57 220 40
57 225 40
57 226 80
57 234 80
57 257 1200
57 259 240
57 261 3940
57 280 20
57 317 20
58 64 40
58 65 40
58 68 3200
58 69 40
58 76 20
58 86 8160
58 103 120
58 107 40
58 108 20
58 109 60
58 111 20
58 118 40
58 121 120
58 124 380
58 127 80
58 130 240
58 134 120
58 143 80
58 158 20
58 164 3520
58 182 20
58 184 420
58 192 1660
58 203 100
58 208 40
58 221 20
58 226 20
58 235 1380
58 240 40
58 248 20
58 264 220
58 265 440
58 291 20
58 292 20
59 103 20
59 107 160
59 127 20
59 182 420
59 221 20
59 264 20
60 66 180
60 72 140
60 76 460
60 77 860
60 91 160
60 98 220
60 105 120
60 109 540
60 116 20
60 132 40
60 135 40
60 158 60
60 179 1120
60 193 140
60 218 160
60 240 200
60 241 180
60 260 1400
60 263 2640
60 267 5900
60 276 760
61 63 20
61 68 40
61 118 20
61 124 480
61 134 680
61 143 400
61 148 20
61 149 620
61 154 480
61 164 20
61 170 60
61 182 80
61 229 60
62 64 20
62 71 20
62 74 20
62 79 2660
62 80 60
62 84 20
62 88 40
62 93 40
62 94 20
62 95 20
62 108 20
62 116 300
62 120 80
62 144 220
62 159 260
62 160 40
62 167 320
62 171 120
62 175 580
62 178 60
62 180 40
62 200 320
62 220 20
62 228 20
62 231 20
62 249 40
62 253 1960
62 280 20
62 294 20
62 311 20
63 66 280
63 72 20
63 88 20
63 103 20
63 118 200
63 121 20
63 124 120
63 134 20
63 143 200
63 149 20
63 154 40
63 164 60
63 170 40
63 184 20
63 195 40
63 229 980
63 235 40
63 246 60
63 280 320
63 311 20
63 318 20
64 67 100
64 69 300
64 70 1600
64 78 80
64 81 1900
64 82 1580
64 85 20
64 87 80
64 95 40
64 100 680
64 102 1100
64 104 2220
64 106 200
64 108 180
64 111 80
64 112 80
64 116 40
64 126 280
64 128 20
64 131 80
64 137 1380
64 139 240
64 140 80
64 141 20
64 172 20
64 174 100
64 191 2940
64 194 120
64 200 60
64 201 480
64 203 20
64 205 180
64 230 60
64 231 20
64 232 140
64 236 340
64 242 40
64 250 640
64 252 160
64 258 40
64 265 60
64 266 20
64 273 120
64 274 20
64 275 180
64 277 40
64 305 40
64 318 20
65 68 20
65 76 360
65 86 40
65 142 2940
65 143 480
65 148 200
65 155 620
65 164 20
65 165 20
65 168 100
65 169 20
65 173 100
65 174 1400
65 176 200
65 179 20
65 182 200
65 189 460
65 190 3180
65 193 340
65 208 20
65 209 120
65 211 1640
65 217 260
65 218 220
65 221 640
65 222 20
65 228 20
65 230 360
65 243 20
65 248 660
65 254 160
65 255 80
65 256 360
65 264 20
65 274 100
65 278 3900
65 279 720
65 283 20
65 287 5220
65 288 340
65 295 20
65 307 20
66 69 20
66 72 100
66 73 620
66 76 1720
66 80 20
66 91 20
66 98 80
66 101 20
66 103 20
66 105 20
66 109 160
66 111 240
66 125 20
66 129 20
66 132 20
66 135 80
66 158 220
66 164 40
66 174 60
66 175 20
66 179 20
66 193 40
66 196 20
66 203 20
66 208 100
66 216 20
66 218 140
66 229 40
66 237 20
66 240 100
66 241 20
66 260 20
66 264 20
66 267 20
66 276 60
66 296 20
66 305 20
66 320 20
67 78 20
67 102 1380
67 106 20
67 125 20
67 126 180
67 128 180
67 139 20
67 140 500
67 154 20
67 180 100
67 191 20
67 201 900
67 236 16740
67 252 20
67 275 140
67 277 80
68 77 20
68 81 20
68 86 1060
68 90 60
68 91 440
68 103 20
68 107 60
68 109 120
68 121 40
68 124 3060
68 127 40
68 130 940
68 132 20
68 134 2320
68 143 1480
68 149 1480
68 153 20
68 154 760
68 158 300
68 161 20
68 164 60
68 168 140
68 182 40
68 184 140
68 192 16300
68 201 20
68 208 80
68 218 820
68 229 20
68 263 20
68 264 80
68 279 80
68 283 20
68 296 20
68 310 40
68 318 20
69 70 120
69 81 280
69 82 1460
69 88 40
69 97 20
69 100 420
69 102 80
69 104 10220
69 106 200
69 108 600
69 112 1180
69 123 20
69 128 20
69 131 60
69 137 940
69 139 40
69 140 120
69 155 20
69 191 40
69 200 20
69 201 3080
69 203 40
69 205 280
69 222 20
69 232 3780
69 242 60
69 243 1120
69 250 80
69 252 40
69 273 480
69 275 160
69 277 20
69 289 100
69 296 20
70 77 140
70 78 20
70 81 3700
70 82 360
70 92 20
70 95 20
70 100 140
70 102 140
70 104 20
70 106 340
70 108 40
70 109 500
70 112 120
70 119 20
70 126 20
70 131 100
70 137 80
70 140 900
70 158 20
70 174 40
70 201 340
70 216 40
70 232 40
70 236 20
70 240 20
70 242 200
70 243 40
70 250 40
70 252 220
70 260 100
70 264 40
70 266 20
70 273 100
70 275 180
70 277 20
70 285 20
70 291 20
71 74 60
71 79 420
71 80 500
71 87 1600
71 88 20
71 92 620
71 93 820
71 99 140
71 100 20
71 116 280
71 120 20
71 122 20
71 125 20
71 136 40
71 139 40
71 140 20
71 144 560
71 153 1440
71 159 80
71 160 20
71 161 60
71 162 20
71 167 20
71 171 80
71 175 80
71 178 20
71 180 180
71 228 20
71 231 2240
71 233 40
71 245 120
71 249 280
71 250 140
71 253 60
71 266 20
71 271 260
71 280 40
71 289 120
71 315 80
72 73 60
72 77 60
72 91 420
72 98 7000
72 103 260
72 105 580
72 107 320
72 109 120
72 111 80
72 121 20
72 127 60
72 129 5620
72 132 6620
72 135 140
72 143 20
72 147 60
72 148 20
72 155 20
72 158 60
72 179 240
72 190 40
72 208 100
72 216 20
72 218 40
72 229 40
72 240 60
72 241 60
72 260 380
72 263 20
72 264 80
72 267 40
72 276 200
72 286 20
73 76 360
73 77 40
73 91 160
73 98 200
73 101 320
73 105 20
73 109 20
73 111 2460
73 129 120
73 132 40
73 135 100
73 147 20
73 158 20
73 179 100
73 189 20
73 193 60
73 208 8720
73 216 11800
73 217 180
73 218 280
73 229 20
73 240 220
73 260 20
73 263 20
73 267 60
73 276 100
73 279 20
74 79 180
74 80 200
74 88 3040
74 93 100
74 99 140
74 100 60
74 116 660
74 120 60
74 122 4840
74 126 20
74 139 60
74 144 2900
74 159 1680
74 160 20
74 162 20
74 171 880
74 175 200
74 178 240
74 180 500
74 186 200
74 200 1560
74 201 100
74 228 1140
74 231 140
74 233 40
74 245 60
74 249 10480
74 253 220
74 262 400
74 289 800
74 318 20
75 83 40
75 84 940
75 94 2400
75 95 1880
75 137 20
75 145 3300
75 163 20
75 183 400
75 188 40
75 198 100
75 201 20
75 202 180
75 210 320
75 213 120
75 214 560
75 220 140
75 224 80
75 225 180
75 226 20
75 234 320
75 257 380
75 259 420
75 261 60
75 305 20
75 318 20
76 77 40
76 98 40
76 105 80
76 109 120
76 111 20
76 120 740
76 130 20
76 132 40
76 134 40
76 135 240
76 143 60
76 147 20
76 153 160
76 158 20
76 162 620
76 164 20
76 168 20
76 180 20
76 193 20040
76 208 40
76 218 5400
76 221 1520
76 240 520
76 241 840
76 260 40
76 276 80
76 279 20
76 287 140
76 317 20
76 318 20
77 91 420
77 98 180
77 101 20
77 105 580
77 109 580
77 111 20
77 132 240
77 169 100
77 179 4800
77 189 200
77 190 160
77 193 20
77 199 20
77 210 20
77 216 100
77 225 200
77 240 80
77 241 40
77 260 320
77 263 1240
77 267 12020
77 276 3720
77 305 20
78 85 200
78 106 260
78 112 40
78 126 40
78 131 320
78 140 1920
78 194 740
78 205 40
78 236 20
78 250 20
78 252 720
78 258 100
78 277 1040
79 80 240
79 84 20
79 88 80
79 91 20
79 93 300
79 99 1460
79 116 2540
79 122 60
79 139 40
79 140 40
79 141 20
79 144 340
79 159 60
79 160 180
79 171 140
79 175 1840
79 178 1520
79 180 40
79 200 20
79 202 20
79 228 800
79 231 1040
79 246 40
79 249 180
79 253 800
79 262 20
79 280 40
79 284 20
79 295 40
79 308 20
79 310 20
79 315 60
79 323 60
80 87 40
80 88 180
80 93 36880
80 99 40
80 101 20
80 116 80
80 120 20
80 122 80
80 126 20
80 139 80
80 144 440
80 159 240
80 160 240
80 162 20
80 171 140
80 175 20
80 178 180
80 180 260
80 200 440
80 215 20
80 228 100
80 245 140
80 249 860
80 250 40
80 252 40
80 253 4240
80 271 20
80 293 20
80 294 20
80 326 20
81 82 2260
81 100 140
81 102 20
81 104 640
81 108 80
81 109 20
81 111 120
81 121 60
81 126 160
81 131 60
81 136 20
81 137 120
81 191 20
81 193 20
81 200 40
81 201 40
81 205 80
81 232 20
81 236 220
81 242 60
81 250 60
81 252 180
81 265 20
81 275 20
81 280 20
82 100 60
82 102 720
82 104 520
82 106 100
82 108 60
82 111 40
82 112 80
82 121 20
82 128 260
82 137 80
82 139 20
82 140 20
82 146 20
82 201 780
82 203 60
82 213 20
82 232 20
82 242 240
82 243 40
82 250 20
82 252 180
82 254 20
82 258 20
82 265 20
82 273 60
82 275 40
83 117 20
83 138 140
83 177 700
83 198 60
83 202 6700
83 210 60
83 213 20
83 214 60
83 220 180
83 224 400
83 225 20
83 234 20
83 239 20
83 257 80
83 259 40
83 261 1500
83 304 460
84 94 960
84 95 140
84 145 600
84 183 60
84 198 60
84 202 400
84 210 200
84 213 100
84 214 900
84 220 220
84 224 100
84 225 20
84 234 180
84 257 620
84 259 180
84 261 20
84 305 80
85 87 20
85 100 20
85 102 60
85 106 260
85 112 80
85 126 240
85 128 60
85 131 20
85 194 20
85 205 20
85 250 40
85 252 900
85 258 2520
85 277 20
85 282 20
86 90 20
86 103 140
86 107 20
86 118 60
86 121 40
86 124 40
86 127 260
86 130 9800
86 134 20
86 143 220
86 149 20
86 164 120
86 184 440
86 192 640
86 203 80
86 218 240
86 229 20
86 264 1640
86 278 20
86 287 20
87 88 80
87 92 640
87 93 40
87 125 40
87 136 20
87 146 80
87 153 1940
87 157 300
87 161 280
87 178 20
87 187 20
87 237 40
87 246 100
87 247 40
87 251 40
87 266 40
87 269 20
87 270 40
87 271 2980
87 280 140
87 281 20
87 282 20
87 285 40
87 315 180
88 93 20
88 97 20
88 99 80
88 102 20
88 108 20
88 116 1360
88 120 40
88 122 5700
88 125 40
88 128 20
88 134 60
88 139 200
88 144 180
88 146 40
88 149 20
88 153 20
88 159 180
88 160 20
88 171 100
88 175 4180
88 178 6000
88 180 220
88 200 140
88 201 20
88 205 120
88 228 2620
88 231 40
88 233 620
88 239 20
88 242 100
88 243 220
88 245 20
88 247 20
88 249 3440
88 253 180
88 266 20
88 270 20
88 275 40
88 277 20
88 285 20
88 289 240
88 297 20
89 110 40
89 114 80
89 117 160
89 136 80
89 141 3620
89 151 20
89 156 60
89 172 20
89 181 80
89 182 20
89 186 40
89 227 160
89 251 20
89 268 2980
89 280 20
89 281 20
89 297 20
90 124 840
90 143 20
90 149 60
90 164 700
90 170 20
90 177 20
90 184 20
90 192 2280
90 229 20
91 98 20
91 101 500
91 105 20
91 109 200
91 111 240
91 124 540
91 129 200
91 132 1500
91 135 120
91 147 640
91 158 5660
91 189 20
91 192 40
91 202 20
91 208 860
91 216 220
91 220 20
91 230 20
91 240 80
91 241 20
91 267 220
91 276 5980
91 288 20
91 296 20
92 96 40
92 97 60
92 102 20
92 106 20
92 119 80
92 123 260
92 125 20
92 133 20
92 146 200
92 153 1320
92 161 20
92 180 20
92 204 60
92 205 20
92 207 20
92 215 360
92 237 40
92 244 20
92 247 20
92 266 80
92 271 1060
92 272 20
92 282 80
92 285 40
93 99 20
93 101 20
93 111 20
93 116 260
93 122 40
93 126 20
93 139 140
93 144 220
93 159 40
93 160 1540
93 171 40
93 175 20
93 178 120
93 180 60
93 200 20
93 228 100
93 245 100
93 249 1900
93 252 20
93 253 3120
93 326 20
94 95 180
94 138 20
94 145 40
94 163 160
94 183 60
94 187 100
94 188 20
94 197 20
94 198 60
94 202 40
94 210 200
94 213 20
94 214 160
94 220 500
94 224 1180
94 226 120
94 234 40
94 257 200
94 259 80
94 261 60
94 280 20
94 293 20
94 294 20
94 308 20
94 323 20
94 325 20
95 109 20
95 116 20
95 134 120
95 136 20
95 145 4680
95 149 100
95 151 20
95 153 20
95 154 20
95 163 40
95 175 20
95 176 20
95 183 320
95 187 20
95 188 20
95 198 140
95 202 20
95 210 80
95 212 260
95 213 100
95 214 80
95 220 40
95 222 20
95 225 660
95 228 20
95 234 580
95 240 20
95 251 60
95 257 280
95 259 860
95 261 20
95 280 400
95 290 20
95 296 40
95 297 40
95 299 200
95 302 20
95 305 40
95 306 460
95 318 180
95 320 20
96 119 40
96 123 20
96 125 40
96 140 20
96 144 20
96 146 60
96 153 20
96 161 120
96 200 180
96 204 60
96 215 1000
96 244 80
96 246 40
96 266 20
96 272 1420
96 285 2480
97 119 80
97 122 20
97 123 100
97 125 180
97 144 20
97 146 40
97 153 240
97 157 60
97 161 40
97 204 20
97 206 20
97 237 1620
97 246 20
97 247 20
97 266 20
97 270 2920
97 272 20
97 282 320
97 285 120
97 305 20
98 101 140
98 105 5360
98 109 720
98 111 340
98 129 300
98 132 13680
98 135 480
98 147 80
98 170 20
98 179 560
98 199 100
98 202 20
98 208 20
98 216 60
98 217 40
98 218 60
98 229 20
98 240 220
98 241 1760
98 244 380
98 260 920
98 263 160
98 267 280
98 276 80
98 278 20
98 316 20
99 116 760
99 120 20
99 122 60
99 144 20
99 159 60
99 171 20
99 175 140
99 178 20
99 180 20
99 200 60
99 228 6260
99 231 6100
99 233 20
99 249 1300
99 253 20
99 289 20
100 102 200
100 104 1040
100 106 720
100 108 3640
100 111 20
100 112 1040
100 115 20
100 119 20
100 125 20
100 126 1040
100 128 20
100 137 16660
100 140 280
100 144 40
100 170 20
100 191 100
100 194 20
100 200 60
100 201 180
100 205 40
100 232 40
100 236 500
100 241 280
100 242 100
100 243 100
100 249 20
100 250 460
100 252 20
100 258 60
100 271 20
100 273 60
100 275 60
100 277 740
101 103 200
101 109 20
101 111 44080
101 121 20
101 129 240
101 135 40
101 147 120
101 158 1060
101 169 20
101 193 100
101 216 340
101 218 340
101 241 40
101 264 20
101 276 40
101 285 20
102 104 160
102 106 940
102 108 200
102 112 340
102 125 320
102 126 440
102 128 20
102 131 440
102 137 220
102 140 120
102 160 20
102 161 40
102 162 20
102 177 20
102 191 1600
102 194 20
102 200 60
102 201 600
102 205 40
102 220 20
102 226 20
102 232 40
102 236 80
102 241 20
102 243 160
102 250 120
102 252 40
102 258 60
102 266 120
102 273 20
102 275 80
102 277 40
102 279 20
102 282 20
102 289 40
103 107 1940
103 111 80
103 118 20
103 121 60
103 124 20
103 127 100
103 130 380
103 134 20
103 135 20
103 164 40
103 176 20
103 184 360
103 189 20
103 203 40
103 217 280
103 229 20
103 255 20
103 264 200
103 314 20
104 106 320
104 108 10320
104 112 200
104 121 60
104 126 240
104 131 120
104 134 20
104 137 460
104 140 120
104 188 20
104 201 27860
104 203 680
104 205 100
104 232 140
104 236 160
104 242 340
104 243 20
104 246 20
104 250 380
104 265 40
104 275 3400
104 296 20
105 109 120
105 111 20
105 129 20
105 132 1360
105 135 100
105 147 40
105 158 60
105 179 7700
105 193 100
105 199 60
105 200 20
105 216 40
105 218 20
105 229 220
105 240 120
105 241 860
105 260 1280
105 263 4680
105 267 340
106 108 380
106 112 18580
106 126 780
106 128 120
106 131 720
106 137 2500
106 139 20
106 140 940
106 170 20
106 171 120
106 191 160
106 200 20
106 201 20
106 205 1060
106 232 300
106 236 620
106 242 140
106 243 380
106 245 40
106 250 420
106 252 760
106 258 220
106 273 360
106 275 180
106 277 80
106 289 100
107 118 80
107 121 120
107 124 20
107 127 860
107 130 880
107 132 60
107 143 900
107 154 40
107 164 80
107 184 5160
107 192 360
107 203 160
107 217 20
107 221 20
107 264 2340
107 265 40
107 286 880
108 112 2120
108 126 60
108 131 40
108 137 700
108 140 60
108 180 20
108 201 23660
108 205 80
108 232 20
108 236 20
108 242 180
108 243 20
108 250 180
108 252 40
108 273 20
108 275 100
108 277 1320
108 291 20
108 314 20
109 111 100
109 119 20
109 124 700
109 127 20
109 132 640
109 134 1320
109 143 60
109 147 80
109 148 20
109 149 20
109 154 200
109 155 20
109 158 160
109 164 40
109 168 40
109 174 1160
109 179 80
109 192 440
109 193 540
109 199 100
109 204 20
109 208 120
109 212 20
109 218 280
109 221 20
109 225 80
109 229 40
109 240 2980
109 241 740
109 256 40
109 260 880
109 263 1260
109 264 880
109 267 300
109 274 80
109 276 1840
109 278 60
109 283 40
109 293 20
109 294 20
109 295 40
109 302 20
109 317 60
109 323 160
110 113 20
110 115 6280
110 117 20
110 133 100
110 136 100
110 138 140
110 141 40
110 151 280
110 152 60
110 172 17000
110 181 8680
110 288 20
110 292 20
110 295 120
110 323 140
110 325 20
111 121 6820
111 124 20
111 127 40
111 129 700
111 134 40
111 135 200
111 147 400
111 154 20
111 158 880
111 170 20
111 174 40
111 179 20
111 189 20
111 190 40
111 193 40
111 203 7180
111 208 140
111 216 760
111 217 500
111 218 700
111 221 20
111 231 20
111 241 40
111 246 20
111 254 20
111 260 120
111 263 40
111 265 5240
111 267 40
111 274 20
111 276 140
111 295 20
111 315 440
111 320 20
111 321 20
112 114 20
112 116 40
112 122 160
112 126 40
112 128 40
112 131 60
112 137 200
112 139 40
112 140 120
112 178 460
112 180 160
112 191 420
112 201 240
112 205 5700
112 232 260
112 236 40
112 242 3160
112 243 4420
112 250 220
112 252 20
112 258 100
112 273 200
112 275 60
112 277 100
113 117 80
113 138 180
113 152 300
113 156 340
113 166 20
113 183 100
113 185 360
113 186 260
113 219 320
113 220 20
113 225 40
113 227 20
113 251 20
113 257 60
113 259 20
113 268 120
113 310 20
113 326 200
113 327 680
114 115 20
114 117 560
114 133 2420
114 136 100
114 138 40
114 141 20
114 151 500
114 157 300
114 181 220
114 185 14580
114 212 960
114 234 160
114 239 540
114 246 20
114 253 20
114 268 9220
114 280 20
114 284 120
114 290 2120
114 294 20
114 297 40
114 301 200
114 303 20
114 306 40
114 313 20
114 316 40
114 317 20
114 318 2040
114 320 3520
114 322 60
114 324 260
115 117 120
115 124 20
115 133 880
115 136 20
115 138 60
115 141 2280
115 151 40
115 166 20
115 172 3420
115 181 1240
115 186 40
115 202 80
115 239 2700
115 251 20
115 268 560
115 295 20
115 317 20
115 318 20
115 320 20
115 323 20
116 120 420
116 122 440
116 144 40
116 148 20
116 159 300
116 160 20
116 162 20
116 167 40
116 171 40
116 175 2500
116 178 3540
116 180 100
116 193 20
116 200 500
116 215 20
116 228 540
116 231 20
116 245 20
116 246 20
116 249 160
116 250 20
116 253 280
116 271 20
116 275 20
116 280 40
116 289 20
116 297 80
116 299 20
116 300 20
116 310 20
116 315 200
116 321 20
117 133 380
117 136 340
117 138 20
117 151 20
117 152 60
117 166 540
117 172 140
117 177 20
117 181 320
117 185 60
117 186 300
117 198 20
117 202 640
117 214 60
117 219 220
117 227 40
117 239 1640
117 251 440
117 280 60
117 292 20
117 297 20
117 300 160
117 301 180
117 304 560
117 316 60
117 318 20
117 320 80
117 322 160
118 121 40
118 124 660
118 127 20
118 130 860
118 134 60
118 143 640
118 149 60
118 154 4180
118 164 20
118 184 60
118 203 20
118 218 20
118 221 120
118 229 200
118 235 2160
118 254 20
118 264 20
118 265 20
118 279 320
118 286 480
118 321 20
119 123 40
119 124 20
119 125 40
119 146 20
119 168 20
119 196 20
119 212 20
119 215 120
119 216 20
119 247 100
119 251 20
119 258 20
119 266 480
119 270 100
119 272 140
119 282 60
119 285 520
119 300 20
119 320 20
120 122 80
120 139 20
120 144 40
120 159 20
120 162 5520
120 171 20
120 175 140
120 178 140
120 180 3260
120 193 1580
120 200 80
120 201 180
120 221 100
120 228 60
120 231 20
120 250 40
120 253 40
120 275 20
120 289 80
120 310 20
121 127 20
121 130 160
121 153 20
121 154 40
121 164 40
121 182 60
121 184 20
121 188 100
121 192 120
121 203 39660
121 221 20
121 229 60
121 246 20
121 264 40
121 265 9520
121 286 120
121 305 20
121 315 100
122 134 20
122 139 60
122 144 440
122 146 60
122 159 40
122 160 60
122 161 20
122 171 100
122 175 700
122 178 360
122 180 680
122 183 20
122 188 20
122 200 3780
122 228 260
122 231 80
122 233 1420
122 238 20
122 245 40
122 246 20
122 249 1900
122 253 80
122 270 580
122 289 2320
122 313 20
122 317 40
123 125 200
123 145 160
123 146 360
123 153 20
123 161 40
123 177 20
123 180 20
123 206 2200
123 207 900
123 215 20
123 216 20
123 237 40
123 244 40
123 246 600
123 247 20
123 266 40
123 269 20
123 270 20
123 271 20
123 272 220
123 281 2240
123 282 40
123 285 20
123 292 20
123 306 20
123 314 20
123 315 80
124 130 100
124 134 4320
124 143 220
124 149 8260
124 154 1420
124 158 500
124 164 40
124 168 280
124 170 100
124 184 40
124 192 680
124 229 140
124 235 5820
124 264 20
124 276 20
125 139 40
125 146 380
125 150 20
125 153 160
125 161 920
125 177 400
125 178 40
125 200 20
125 204 280
125 206 320
125 207 80
125 210 20
125 215 40
125 237 2020
125 246 300
125 247 20
125 258 20
125 266 10620
125 269 180
125 270 680
125 271 100
125 272 40
125 281 60
125 282 300
125 285 200
125 305 340
125 310 20
126 128 180
126 131 1140
126 139 80
126 140 20
126 146 20
126 200 60
126 201 300
126 205 40
126 221 80
126 226 20
126 236 18800
126 250 160
126 258 200
126 273 40
126 275 20
126 293 20
127 130 2380
127 134 20
127 138 20
127 143 40
127 154 20
127 170 40
127 184 200
127 192 20
127 221 40
127 229 20
127 264 46000
127 286 20
128 140 20
128 195 20
128 205 60
128 236 180
128 242 20
128 250 80
128 252 20
128 258 8160
128 264 20
128 273 100
128 277 1140
129 130 20
129 132 660
129 135 11600
129 147 5180
129 158 40
129 173 20
129 176 180
129 179 20
129 218 40
129 240 100
129 260 120
129 276 80
129 283 20
130 134 80
130 135 20
130 143 620
130 149 280
130 154 60
130 164 60
130 184 8260
130 192 400
130 193 20
130 203 60
130 211 60
130 218 800
130 229 40
130 235 660
130 260 40
130 264 1140
130 265 80
130 279 100
130 286 120
130 287 180
130 288 100
130 321 20
131 137 60
131 140 60
131 160 20
131 182 20
131 191 60
131 194 1140
131 232 100
131 236 500
131 250 140
131 252 40
131 258 1740
131 275 160
131 277 20
132 135 480
132 147 40
132 158 120
132 179 300
132 189 20
132 199 20
132 208 320
132 216 20
132 217 160
132 218 20
132 229 20
132 240 80
132 241 20
132 260 520
132 267 140
132 276 760
133 136 60
133 138 1140
133 152 1680
133 166 20
133 172 40
133 181 40
133 186 20
133 196 20
133 229 20
133 251 20
133 268 60
133 280 20
133 284 16260
133 302 20
133 304 40
133 305 20
133 309 20
133 316 460
134 143 80
134 148 20
134 149 2600
134 154 1400
134 158 360
134 164 40
134 168 100
134 169 20
134 170 240
134 182 40
134 184 40
134 192 1040
134 200 40
134 201 20
134 202 60
134 203 20
134 208 220
134 216 20
134 229 760
134 264 60
134 265 20
134 274 20
134 296 20
134 297 20
134 317 20
135 147 280
135 153 20
135 176 20
135 189 80
135 190 180
135 216 20
135 218 40
135 222 160
135 240 40
135 241 20
135 260 60
135 276 100
135 315 20
136 138 600
136 141 260
136 145 2420
136 146 120
136 151 4240
136 152 60
136 156 100
136 166 240
136 172 140
136 180 20
136 181 20
136 186 2280
136 200 20
136 202 60
136 212 7660
136 219 2880
136 226 40
136 227 120
136 239 20
136 251 380
136 256 20
136 257 40
136 268 20
136 280 900
136 284 20
136 288 60
136 294 40
136 295 20
136 296 80
136 297 1060
136 300 80
136 302 20
136 303 20
136 304 80
136 305 20
136 306 40
136 307 40
136 308 80
136 309 600
136 310 40
136 313 80
136 314 40
136 315 120
136 316 120
136 317 120
136 318 60
136 319 160
136 320 20
136 322 60
136 324 60
137 140 40
137 146 20
137 191 20
137 200 40
137 201 280
137 205 20
137 222 20
137 232 20
137 236 20
137 242 80
137 243 320
137 250 100
137 258 20
137 273 20
137 275 60
137 277 100
137 318 20
138 141 40
138 152 900
138 156 40
138 172 20
138 185 20
138 186 600
138 189 20
138 198 40
138 202 40
138 204 280
138 210 40
138 212 100
138 219 500
138 220 1720
138 225 40
138 227 80
138 234 40
138 239 180
138 251 80
138 257 80
138 259 140
138 261 20
138 268 900
138 280 40
138 284 240
138 289 60
138 291 20
138 305 320
138 309 40
138 310 20
139 140 40
139 144 180
139 159 180
139 160 80
139 162 740
139 171 20
139 175 80
139 178 11680
139 180 1460
139 188 20
139 201 140
139 228 40
139 250 60
139 253 80
139 273 20
139 275 100
139 289 20
140 143 20
140 180 60
140 191 60
140 201 200
140 205 620
140 220 40
140 232 80
140 236 20
140 250 40
140 258 20
140 266 80
140 267 20
140 273 60
140 275 13500
140 277 40
141 166 220
141 172 1160
141 181 420
141 187 960
141 196 160
141 212 20
141 239 740
141 268 1760
141 280 20
141 304 20
141 306 20
141 316 20
142 143 120
142 155 400
142 165 20
142 176 140
142 182 40
142 211 420
142 217 20
142 218 220
142 248 180
142 255 40
142 278 11740
142 279 360
142 287 260
142 288 60
143 149 260
143 154 80
143 155 60
143 164 100
143 170 40
143 176 20
143 182 40
143 184 460
143 190 120
143 193 40
143 204 20
143 218 2260
143 221 40
143 229 1860
143 235 160
143 240 120
143 248 80
143 264 80
143 265 40
143 278 600
143 279 800
143 287 80
143 288 120
143 327 20
144 159 320
144 162 20
144 171 4300
144 175 220
144 178 200
144 180 200
144 200 40
144 201 20
144 228 120
144 233 40
144 238 40
144 245 80
144 249 1900
144 253 100
144 289 20
144 318 20
144 320 20
145 163 80
145 183 40
145 185 20
145 188 20
145 195 40
145 202 80
145 210 140
145 213 80
145 214 80
145 224 20
145 225 80
145 246 60
145 251 20
145 257 180
145 259 560
145 261 740
145 280 120
145 281 40
145 296 20
145 303 20
145 315 40
145 318 420
145 327 20
146 153 80
146 157 320
146 161 580
146 166 20
146 175 20
146 177 20
146 187 20
146 200 20
146 202 240
146 203 20
146 206 200
146 207 400
146 210 20
146 221 20
146 266 140
146 270 100
146 271 160
146 279 20
146 281 40
146 285 180
146 310 60
146 316 60
146 320 40
147 158 340
147 193 20
147 208 60
147 216 8900
147 218 20
147 221 20
147 224 40
147 240 120
147 267 20
148 155 60
148 165 280
148 169 100
148 173 320
148 176 4060
148 182 80
148 189 100
148 208 20
148 209 140
148 211 120
148 217 40
148 221 60
148 222 180
148 230 80
148 248 160
148 254 500
148 255 120
148 256 460
148 264 20
148 274 820
148 278 20
148 279 60
148 283 20
148 287 40
148 288 140
148 307 40
149 154 18740
149 164 20
149 182 20
149 184 760
149 192 640
149 217 20
149 218 40
149 229 840
149 232 20
149 260 20
149 264 40
150 153 40
150 204 40
150 246 40
151 166 80
151 172 60
151 178 20
151 181 20
151 186 140
151 212 560
151 219 20
151 226 40
151 227 40
151 251 140
151 280 960
151 297 1180
151 303 20
151 305 60
151 309 1040
151 318 20
151 319 180
151 324 20
152 172 20
152 185 20
152 186 660
152 202 20
152 212 20
152 219 20
152 226 20
152 258 20
152 268 20
152 280 20
152 285 40
152 303 80
152 310 520
152 318 60
153 161 140
153 177 60
153 202 420
153 206 20
153 207 20
153 226 20
153 237 60
153 242 20
153 244 80
153 246 560
153 247 20
153 251 20
153 266 20
153 271 1940
153 272 20
153 280 60
153 282 20
153 283 20
153 293 40
153 300 20
153 310 20
153 315 260
153 318 20
154 158 1540
154 164 20
154 168 160
154 170 20
154 182 20
154 184 1980
154 192 320
154 229 440
154 235 160
154 240 20
154 242 20
154 264 60
154 276 20
154 286 20
155 172 20
155 176 120
155 182 100
155 184 20
155 204 140
155 209 40
155 211 6160
155 215 40
155 217 60
155 240 100
155 248 120
155 255 140
155 256 20
155 264 20
155 277 40
155 278 800
155 279 320
155 283 40
155 287 120
155 288 60
155 292 20
155 314 20
156 172 20
156 186 60
156 227 40
156 239 140
157 161 20
157 202 360
157 204 100
157 234 200
157 266 20
157 268 20
157 270 40
157 282 20
157 296 40
157 300 300
157 314 20
157 320 60
158 208 20
158 216 2860
158 218 400
158 226 20
158 230 60
158 240 80
158 260 1160
158 276 160
158 279 160
158 288 80
159 160 160
159 162 40
159 167 20
159 171 3080
159 175 20
159 178 80
159 180 160
159 200 240
159 228 20
159 231 20
159 238 20
159 245 20
159 249 200
159 262 20
159 275 20
159 289 280
159 304 20
160 171 60
160 175 60
160 194 40
160 201 40
160 228 20
160 249 20
160 253 20
161 177 120
161 204 940
161 205 20
161 206 40
161 207 80
161 210 80
161 214 40
161 215 20
161 225 380
161 237 280
161 246 700
161 247 80
161 259 580
161 266 740
161 269 460
161 270 20
161 271 160
161 272 20
161 281 40
161 285 80
161 302 20
161 305 940
162 175 20
162 178 80
162 180 1040
162 193 200
162 200 20
162 201 60
162 228 20
162 289 20
163 183 140
163 187 40
163 188 60
163 196 40
163 198 20
163 202 240
163 210 20
163 213 3640
163 214 160
163 220 40
163 224 20
163 225 20
163 257 240
163 259 100
163 261 1280
163 293 360
163 314 380
164 177 20
164 184 180
164 192 60
164 203 120
164 229 100
164 259 20
164 264 40
164 265 80
164 280 20
164 325 20
165 173 500
165 174 20
165 176 220
165 182 40
165 189 40
165 190 320
165 203 60
165 209 20
165 217 40
165 222 80
165 230 40
165 254 17480
165 255 20
165 265 40
165 274 360
165 283 20
165 287 40
166 172 80
166 181 20
166 212 80
166 219 20
166 227 540
166 251 700
166 280 220
166 290 20
166 306 60
166 309 20
166 318 180
167 253 180
168 169 600
168 173 80
168 174 140
168 182 40
168 189 20
168 192 20
168 209 20
168 211 20
168 217 100
168 221 260
168 222 40
168 223 340
168 240 20
168 248 80
168 255 40
168 256 140
168 283 12500
168 287 60
168 288 40
168 307 20
169 170 160
169 174 40
169 179 20
169 189 120
169 209 480
169 211 40
169 217 20
169 221 20
169 222 180
169 229 20
169 230 720
169 248 40
169 255 360
169 256 800
169 274 40
169 278 20
169 283 1500
170 209 100
170 221 440
170 229 160
170 235 60
170 242 20
170 255 20
170 264 240
170 286 40
170 288 20
171 175 40
171 178 180
171 180 180
171 200 320
171 228 160
171 233 20
171 238 580
171 245 460
171 249 100
171 250 20
171 289 40
172 181 5320
172 212 20
172 214 240
172 222 20
172 268 20
172 292 20
172 305 20
172 309 20
172 318 20
173 189 60
173 190 920
173 209 60
173 217 320
173 222 40
173 254 80
173 255 20
173 274 20
173 283 80
173 287 20
173 288 20
174 176 20
174 182 20
174 189 20
174 190 80
174 199 640
174 209 20
174 216 20
174 217 180
174 221 20
174 222 100
174 230 2380
174 240 40
174 254 120
174 256 1700
174 260 140
174 264 20
174 274 7280
174 279 40
174 283 180
174 287 2920
174 288 400
174 305 40
174 318 20
174 321 20
175 178 2860
175 180 180
175 188 20
175 200 260
175 228 560
175 231 100
175 233 60
175 245 20
175 249 720
175 262 40
175 289 40
175 300 20
175 315 20
176 182 20
176 211 440
176 221 60
176 248 100
176 254 180
176 255 20
176 256 80
176 278 240
176 279 420
176 283 40
176 288 20
176 307 20
176 310 20
177 187 20
177 196 60
177 202 300
177 204 640
177 207 20
177 215 60
177 224 220
177 237 580
177 239 300
177 246 160
177 247 320
177 266 60
177 268 580
177 269 80
177 270 40
177 271 40
177 272 180
177 281 20
177 282 40
177 285 20
177 310 20
178 180 7440
178 200 400
178 228 200
178 249 100
178 253 20
178 289 200
178 295 20
178 297 20
179 199 540
179 208 40
179 218 40
179 229 100
179 260 140
179 263 140
179 267 80
179 271 20
179 276 840
180 191 20
180 193 20
180 200 140
180 201 300
180 207 20
180 228 80
180 238 40
180 245 400
180 249 80
180 250 280
180 262 280
180 266 60
180 272 20
180 275 60
180 289 180
180 324 20
181 214 160
181 219 60
181 251 20
181 269 20
181 318 20
182 190 20
182 209 1160
182 211 100
182 217 40
182 221 180
182 222 40
182 229 20
182 230 40
182 248 160
182 255 340
182 256 220
182 264 20
182 278 100
182 279 80
182 283 40
182 287 40
183 195 20
183 196 160
183 198 400
183 202 380
183 210 340
183 213 180
183 214 160
183 220 20
183 224 120
183 225 1900
183 234 60
183 257 420
183 259 1940
183 261 60
183 305 100
183 310 20
183 318 40
183 327 60
184 216 20
184 229 160
184 240 20
184 264 500
184 265 20
184 286 1620
185 186 360
185 212 40
185 219 20
185 268 80
185 305 20
185 310 40
186 212 12000
186 219 58980
186 220 20
186 226 100
186 227 100
186 251 60
186 257 100
186 259 20
186 280 500
186 303 240
186 305 100
186 309 20
186 310 40
186 324 20
187 188 20
187 195 220
187 196 840
187 197 220
187 199 20
187 213 20
187 214 20
188 195 340
188 196 20
188 197 540
188 198 20
188 202 180
188 203 60
188 213 220
188 214 40
188 220 60
188 224 40
188 226 1300
188 246 40
188 257 1000
188 259 100
188 261 20
188 280 80
188 314 80
189 190 1460
189 209 60
189 221 60
189 222 280
189 225 60
189 256 20
189 274 60
189 287 120
189 288 80
190 209 40
190 217 40
190 221 40
190 222 500
190 225 220
190 230 40
190 254 520
190 256 40
190 263 40
190 274 40
190 278 20
190 287 380
190 288 140
191 205 1840
191 243 20
191 250 100
191 258 120
191 266 20
191 273 200
192 218 80
192 229 20
192 235 1180
192 260 20
192 264 20
192 265 40
192 276 20
193 208 20
193 216 40
193 218 6800
193 221 20
193 240 2760
193 267 120
193 279 20
193 287 20
193 318 40
194 205 100
194 250 280
194 252 20
194 258 60
194 275 60
194 277 20
195 196 320
195 197 16120
195 202 40
195 210 40
195 214 20
195 220 20
195 224 40
195 226 220
195 234 20
195 253 20
195 257 140
195 261 20
195 285 120
195 305 20
196 197 40
196 198 20
196 202 260
196 214 40
196 220 40
196 226 60
196 239 20
196 257 60
196 259 340
196 314 20
197 198 20
197 210 280
197 226 360
197 234 40
197 257 160
197 285 40
197 305 20
197 310 20
198 202 640
198 214 80
198 220 100
198 224 5220
198 226 960
198 234 20
198 257 1540
198 259 60
198 261 60
198 301 20
198 302 40
198 305 20
198 313 20
198 314 80
199 240 1140
199 241 20
199 260 20
199 263 60
200 201 120
200 202 20
200 215 900
200 228 460
200 249 1580
200 250 20
200 253 40
200 270 20
200 272 20
200 277 320
200 300 20
200 318 20
201 228 20
201 232 20
201 236 240
201 249 20
201 250 800
201 253 20
201 273 40
201 275 1500
201 277 60
201 292 20
202 207 20
202 210 200
202 213 140
202 214 540
202 220 1180
202 221 20
202 224 1100
202 225 300
202 226 800
202 234 300
202 247 120
202 257 4440
202 259 300
202 261 720
202 282 40
202 284 100
202 290 820
202 293 20
202 296 680
202 298 40
202 300 2720
202 301 20
202 303 20
202 304 100
202 305 20
202 310 40
202 313 20
202 318 120
202 320 20
202 322 20
203 229 20
203 241 20
203 252 20
203 265 23260
203 280 40
203 286 20
204 205 20
204 206 60
204 207 100
204 210 240
204 215 20
204 220 420
204 236 20
204 237 20
204 244 40
204 246 1020
204 247 180
204 266 800
204 269 280
204 270 60
204 285 660
204 303 40
204 305 100
204 312 20
204 317 20
205 236 40
205 243 460
205 250 20
205 252 1060
205 273 120
205 275 20
205 277 40
205 289 20
205 305 20
206 207 860
206 237 240
206 244 20
206 246 60
206 247 20
206 266 360
206 269 60
206 271 40
206 281 260
206 305 40
207 220 40
207 237 280
207 244 20
207 246 120
207 247 60
207 266 180
207 269 60
207 281 280
207 282 1080
207 285 20
207 306 20
208 216 6120
208 218 940
208 240 420
208 241 60
208 260 100
208 267 140
208 276 1040
209 211 40
209 221 140
209 248 20
209 254 20
209 255 3040
209 278 40
209 279 100
209 287 80
209 288 20
210 213 80
210 214 900
210 220 16940
210 224 280
210 225 3720
210 226 40
210 234 140
210 257 400
210 259 6620
210 261 40
210 297 60
210 304 20
210 305 4540
210 309 20
210 314 20
210 315 20
210 327 400
211 217 20
211 221 60
211 240 40
211 248 40
211 255 20
211 256 80
211 264 20
211 274 120
211 277 20
211 278 100
211 279 100
211 283 20
211 287 740
212 219 6220
212 226 4500
212 239 20
212 251 20
212 257 20
212 280 2420
212 290 780
212 293 40
212 297 60
212 315 60
212 316 20
212 320 900
213 214 500
213 220 40
213 225 40
213 234 40
213 257 840
213 259 60
213 261 760
213 291 20
213 314 60
214 220 220
214 224 160
214 225 200
214 226 40
214 234 260
214 257 4460
214 259 260
214 261 480
214 283 20
214 305 200
214 317 20
215 244 40
215 249 20
215 272 240
215 281 40
215 285 300
216 218 320
216 240 220
216 263 80
216 267 20
216 276 320
216 296 20
216 309 20
216 310 20
216 317 20
217 221 60
217 222 40
217 240 20
217 248 40
217 254 60
217 256 80
217 274 520
217 278 20
217 279 20
217 283 60
217 287 160
217 288 20
217 308 20
218 221 120
218 228 20
218 240 5820
218 241 280
218 260 340
218 263 20
218 267 20
218 276 680
218 278 380
218 279 220
218 287 100
218 288 40
219 226 400
219 251 40
219 280 480
219 309 20
220 224 140
220 225 160
220 226 40
220 257 1160
220 259 180
220 261 20
220 280 20
220 285 80
220 299 20
220 305 40
220 306 20
220 318 20
221 222 900
221 235 120
221 236 160
221 240 1480
221 249 20
221 254 20
221 255 60
221 256 20
221 257 20
221 278 20
221 279 320
221 287 140
221 288 260
221 299 20
221 314 20
221 315 20
222 248 1480
222 254 40
222 274 20
222 283 20
222 288 60
223 229 20
223 283 80
224 225 20
224 226 60
224 234 80
224 239 60
224 257 6580
224 259 80
224 261 20
224 268 60
224 305 120
225 234 20
225 240 20
225 251 60
225 257 20
225 259 13520
225 261 180
225 268 20
225 296 20
225 305 6620
225 310 40
225 313 20
225 318 20
225 327 60
226 234 20
226 246 100
226 251 40
226 252 20
226 257 500
226 280 120
226 315 20
227 251 180
227 268 20
227 280 20
227 318 480
227 327 20
228 231 2960
228 238 980
228 245 20
228 249 16000
228 253 60
228 289 20
228 295 80
228 322 20
228 323 20
229 235 20
229 240 20
229 241 20
229 260 1560
229 264 40
229 265 20
229 283 60
230 254 20
230 256 5140
230 274 1320
230 288 240
230 305 20
231 233 20
231 249 260
231 289 20
232 243 80
232 250 280
232 258 20
232 273 20
232 277 20
232 293 20
233 249 1060
234 257 1080
234 261 40
234 300 180
234 301 20
234 320 20
234 322 20
235 264 1640
235 286 260
235 318 20
235 321 20
236 243 20
236 250 260
236 252 20
236 258 60
236 273 20
236 275 80
236 317 20
237 266 5760
237 269 20
237 280 20
237 281 820
238 245 560
238 249 20
239 251 20
239 268 6820
239 280 160
239 297 20
239 318 20
240 241 160
240 260 500
240 261 20
240 263 280
240 267 140
240 276 400
240 305 20
241 260 160
241 263 260
241 267 80
241 276 2200
242 250 20
242 252 80
242 273 20
242 277 120
243 250 40
243 273 2400
243 275 20
243 289 20
244 246 20
245 249 20
246 265 220
246 266 140
246 270 20
246 272 20
246 280 3500
246 281 40
246 285 80
246 291 20
246 296 120
246 314 80
246 315 400
247 266 120
247 269 120
247 270 160
247 271 80
247 272 40
247 276 20
247 277 80
247 281 20
247 282 640
247 285 40
247 315 20
248 255 20
248 256 20
248 259 20
248 278 20
248 279 20
248 283 240
248 287 80
248 288 1460
248 295 20
248 310 60
248 313 20
248 316 20
249 253 40
249 261 20
249 262 2540
249 274 20
249 289 8340
250 252 60
250 258 40
250 275 620
250 277 100
250 307 20
251 280 2340
251 297 100
251 318 100
252 258 140
252 275 40
252 280 20
252 318 20
253 262 20
253 280 20
254 265 120
254 274 620
254 279 20
254 283 20
254 287 40
254 288 20
255 278 940
255 279 160
255 283 40
255 291 40
255 323 60
256 266 20
256 274 1060
256 278 40
256 279 20
256 283 180
256 287 240
256 288 180
256 314 240
257 259 220
257 261 1780
257 280 60
257 297 60
257 298 120
257 303 120
257 305 180
257 309 80
257 310 80
257 313 120
257 314 100
257 325 20
257 326 20
257 327 40
258 275 40
259 261 40
259 293 20
259 305 8660
259 327 180
260 263 1020
260 267 580
260 276 600
261 305 20
263 267 2980
263 276 560
263 315 20
264 265 20
264 286 560
264 302 20
264 315 20
265 274 100
265 280 40
265 286 20
265 305 20
265 315 20
266 269 340
266 271 100
266 275 40
266 281 40
266 285 160
266 310 20
267 276 580
268 305 80
268 314 20
268 320 20
269 272 20
269 282 40
270 271 60
270 282 860
270 285 40
271 272 60
271 275 20
271 280 80
271 315 360
272 281 20
272 285 1800
273 275 80
273 289 80
274 279 20
274 283 100
274 287 240
274 288 240
277 318 20
278 279 3020
278 287 420
278 288 100
279 287 280
279 288 220
279 294 20
280 288 20
280 309 40
280 315 480
280 317 20
280 318 20
280 321 20
280 324 40
282 305 540
282 327 20
283 287 40
283 288 120
283 307 20
284 310 20
285 310 20
285 315 20
285 318 40
286 287 100
287 288 20
290 291 320
290 293 160
290 294 240
290 295 20
290 296 2100
290 299 400
290 300 60
290 301 240
290 304 5420
290 306 3380
290 307 40
290 309 20
290 310 300
290 313 20
290 317 9260
290 318 3300
290 320 1620
290 321 100
290 324 40
291 292 960
291 293 300
291 294 12040
291 295 20
291 296 20
291 297 20
291 299 1040
291 302 140
291 303 20
291 304 2020
291 305 80
291 306 40
291 307 20
291 308 7480
291 309 20
291 310 9680
291 316 40
291 317 240
291 318 1520
291 321 3180
291 324 20
291 325 600
291 327 20
292 293 120
292 294 4020
292 295 80
292 296 20
292 297 140
292 299 40
292 300 40
292 302 80
292 303 40
292 304 40
292 305 40
292 306 140
292 307 20
292 308 10900
292 310 20300
292 311 200
292 312 120
292 313 140
292 314 80
292 315 260
292 316 40
292 317 120
292 318 180
292 319 120
292 320 20
292 321 20
292 327 600
293 294 9000
293 295 1340
293 296 120
293 297 320
293 298 120
293 299 480
293 300 40
293 301 20
293 302 4320
293 303 520
293 304 460
293 305 2920
293 306 1300
293 307 4540
293 308 260
293 309 9200
293 310 1600
293 311 20
293 313 960
293 314 80
293 315 340
293 316 40
293 317 4960
293 318 2240
293 321 2440
293 322 80
293 323 360
293 324 80
293 325 1640
293 327 60
294 295 740
294 296 60
294 297 40
294 298 200
294 299 980
294 300 20
294 302 620
294 303 120
294 304 2080
294 305 200
294 306 80
294 307 460
294 308 60
294 309 140
294 310 2520
294 313 100
294 315 440
294 316 20
294 317 1120
294 318 280
294 321 200
294 323 80
294 324 120
294 325 40
294 327 40
295 296 20
295 297 180
295 298 20
295 299 40
295 301 20
295 302 800
295 303 280
295 304 40
295 305 80
295 307 1380
295 308 780
295 309 180
295 310 360
295 311 20
295 313 260
295 314 100
295 315 60
295 316 40
295 317 3440
295 318 120
295 320 40
295 321 280
295 322 160
295 323 4440
295 324 80
295 325 60
295 326 20
295 327 40
296 299 40
296 300 3160
296 301 20
296 303 40
296 304 7520
296 306 20
296 307 140
296 308 160
296 310 180
296 313 40
296 317 5700
296 318 3240
296 320 20
296 321 160
296 322 60
296 323 480
296 325 20
296 327 20
297 298 10300
297 299 180
297 300 20
297 302 660
297 303 640
297 305 520
297 306 120
297 307 40
297 308 40
297 309 1320
297 310 420
297 311 20
297 312 40
297 313 5240
297 314 520
297 315 1680
297 316 60
297 317 140
297 318 260
297 319 320
297 323 120
297 324 60
297 325 60
297 327 160
298 299 20
298 302 680
298 303 40
298 304 20
298 305 20
298 306 180
298 309 20
298 311 40
298 313 20
298 314 60
298 318 80
298 323 160
298 324 100
298 327 1000
299 300 40
299 302 80
299 303 80
299 304 3120
299 306 4660
299 307 40
299 308 60
299 309 20
299 310 240
299 311 20
299 313 60
299 314 40
299 315 3380
299 317 80
299 318 20
299 321 120
299 323 260
299 324 60
299 325 940
300 301 12460
300 302 120
300 303 40
300 304 4580
300 306 240
300 308 80
300 311 40
300 314 20
300 316 140
300 317 40
300 318 120
300 320 11200
300 322 20
300 327 300
301 303 100
301 306 20
301 310 100
301 311 20
301 313 20
301 317 20
301 318 500
301 320 2720
301 322 10100
302 303 580
302 304 60
302 305 60
302 306 80
302 307 5620
302 308 560
302 309 760
302 310 420
302 311 80
302 312 60
302 313 1760
302 314 260
302 315 60
302 316 20
302 317 7320
302 318 800
302 320 20
302 321 300
302 323 5160
302 324 40
302 325 20
302 327 280
303 304 20
303 306 80
303 307 60
303 309 60
303 310 2220
303 311 60
303 312 380
303 313 620
303 314 20
303 315 260
303 316 20
303 317 20
303 318 2080
303 320 740
303 321 100
303 322 240
303 323 20
303 324 60
304 305 580
304 307 20
304 308 1720
304 309 3040
304 310 560
304 315 260
304 316 200
304 317 60
304 318 2300
304 321 6680
304 322 60
304 323 20
304 324 60
304 325 320
305 307 40
305 308 140
305 309 80
305 310 100
305 312 40
305 313 5660
305 314 700
305 315 460
305 316 100
305 317 560
305 318 140
305 319 20
305 321 80
305 323 100
305 324 2400
305 325 5720
305 326 420
305 327 980
306 309 20
306 310 80
306 311 260
306 313 80
306 314 100
306 315 280
306 316 20
306 317 120
306 318 500
306 321 40
306 323 60
306 325 20
306 327 40
307 308 160
307 309 400
307 310 420
307 311 20
307 313 60
307 315 60
307 317 17920
307 318 220
307 321 180
307 323 380
307 324 140
307 325 20
307 327 20
308 309 120
308 310 24140
308 312 200
308 313 60
308 314 80
308 315 4440
308 316 20
308 317 660
308 318 1020
308 319 180
308 321 100
308 323 840
308 325 40
308 326 20
309 310 80
309 313 400
309 314 140
309 315 560
309 317 520
309 318 60
309 319 740
309 320 40
309 321 2780
309 322 20
309 323 160
309 324 40
309 325 60
309 326 20
310 311 320
310 312 12520
310 313 700
310 314 200
310 315 1300
310 316 160
310 317 100
310 318 1120
310 319 2680
310 320 880
310 321 60
310 322 360
310 323 140
310 324 40
310 326 20
310 327 80
311 313 20
311 314 40
311 315 40
311 317 20
311 318 300
311 320 180
311 322 60
311 324 60
311 327 20
312 313 340
312 315 40
312 318 60
312 320 40
312 321 20
313 314 22260
313 315 340
313 316 20
313 317 260
313 318 720
313 319 40
313 320 20
313 321 40
313 322 40
313 323 600
313 324 120
313 325 80
313 327 160
314 315 2160
314 317 40
314 318 1120
314 319 20
314 320 60
314 321 60
314 322 200
314 323 300
314 324 20
314 326 20
314 327 80
315 316 200
315 317 120
315 318 5100
315 320 20
315 321 960
315 322 1060
315 323 120
315 324 1240
315 325 20
315 327 20
316 317 460
316 318 1240
316 320 3300
316 321 100
316 322 140
316 323 360
316 324 20
316 325 80
316 327 300
317 318 9880
317 321 400
317 322 20
317 323 2520
317 324 80
317 325 180
317 327 240
318 319 60
318 320 7900
318 321 360
318 322 3300
318 323 80
318 324 160
318 325 80
318 326 100
318 327 60
319 323 40
319 327 80
320 322 580
320 327 260
321 322 20
321 323 60
321 324 2580
321 325 25700
321 327 40
322 325 40
323 324 20
323 325 20
323 326 20
323 327 100
324 327 20
325 327 40
326 327 580
