1 2 540
1 3 900
1 4 1500
1 5 380
1 6 860
1 7 160
1 8 240
1 9 460
1 10 540
1 11 160
1 12 880
1 13 20
1 14 220
1 15 60
1 16 60
1 17 260
1 18 240
1 19 1020
1 20 1180
1 21 180
1 22 220
1 23 320
1 24 460
1 25 80
1 26 2480
1 27 140
1 28 60
1 29 1160
1 30 60
1 31 100
1 32 80
1 33 220
1 34 80
1 35 480
1 36 80
1 37 80
1 38 120
1 39 40
1 40 200
1 41 20
1 42 60
1 43 40
1 44 20
1 45 20
1 46 380
1 47 20
1 48 20
1 49 720
1 50 1180
1 51 420
1 52 40
1 53 20
1 54 820
1 55 20
1 56 20
1 57 20
1 58 240
1 59 100
1 60 40
1 61 20
1 62 20
1 63 60
1 64 60
1 65 20
1 66 20
1 67 40
1 68 240
1 69 60
1 70 40
1 71 40
1 72 60
1 73 20
1 74 20
1 75 80
1 76 20
1 77 460
1 78 60
1 79 200
1 80 20
1 81 20
1 82 20
1 83 20
1 84 20
2 3 80
2 4 2000
2 5 80
2 6 1260
2 7 400
2 8 100
2 9 880
2 10 260
2 11 160
2 12 900
2 13 20
2 14 20
2 85 40
2 15 200
2 16 60
2 86 20
2 18 1060
2 20 220
2 21 320
2 22 60
2 87 20
2 23 140
2 24 240
2 26 300
2 27 40
2 29 40
2 32 100
2 33 20
2 36 60
2 46 1040
2 49 280
2 50 160
2 51 740
2 53 20
2 88 20
2 89 20
2 90 20
2 91 20
2 92 20
2 93 20
2 68 140
2 69 20
2 76 20
2 77 320
2 94 20
2 95 20
3 4 180
3 5 80
3 6 320
3 7 40
3 8 80
3 9 380
3 10 280
3 11 80
3 12 80
3 13 80
3 14 160
3 85 20
3 15 320
3 16 80
3 17 60
3 86 20
3 18 160
3 19 140
3 20 380
3 21 80
3 22 360
3 23 300
3 24 200
3 25 160
3 26 840
3 27 220
3 28 40
3 96 220
3 29 920
3 30 160
3 31 20
3 32 20
3 34 20
3 35 840
3 36 40
3 37 40
3 38 40
3 40 40
3 41 40
3 42 20
3 97 60
3 43 20
3 44 20
3 98 20
3 46 520
3 99 40
3 49 420
3 100 60
3 50 780
3 51 160
3 52 20
3 54 580
3 55 20
3 56 60
3 57 20
3 89 20
3 58 60
3 60 40
3 61 20
3 101 40
3 62 40
3 63 20
3 64 60
3 65 20
3 92 20
3 102 20
3 66 40
3 67 20
3 69 40
3 70 60
3 103 40
3 104 100
3 105 40
3 77 200
3 78 20
3 79 100
3 106 100
3 94 20
3 107 40
3 84 20
4 5 180
4 6 1500
4 7 220
4 8 100
4 9 1240
4 10 720
4 11 60
4 12 600
4 13 20
4 14 40
4 85 800
4 15 1120
4 16 20
4 18 1160
4 20 400
4 21 320
4 22 40
4 23 360
4 24 440
4 26 100
4 27 7500
4 96 20
4 29 20
4 32 180
4 108 20
4 33 40
4 109 40
4 36 80
4 40 40
4 43 300
4 44 60
4 98 40
4 46 1120
4 99 20
4 110 20
4 49 460
4 50 200
4 51 160
4 111 20
4 56 20
4 60 40
4 63 60
4 65 60
4 112 20
4 113 20
4 66 60
4 114 20
4 68 100
4 115 40
4 70 20
4 116 20
4 117 20
4 103 20
4 118 40
4 119 20
4 77 80
4 79 60
4 120 20
4 107 20
4 82 20
4 121 20
5 6 300
5 7 80
5 8 140
5 9 80
5 10 60
5 12 180
5 13 20
5 85 20
5 16 20
5 86 20
5 18 20
5 19 60
5 20 80
5 21 140
5 22 20
5 23 20
5 24 600
5 25 40
5 27 40
5 30 40
5 32 20
5 34 20
5 35 40
5 37 20
5 38 60
5 42 20
5 43 20
5 46 40
5 49 40
5 50 120
5 91 40
5 77 500
5 79 120
6 7 860
6 8 320
6 9 840
6 10 820
6 11 20
6 12 620
6 14 60
6 85 900
6 15 480
6 16 20
6 17 40
6 18 1780
6 20 340
6 21 200
6 22 40
6 23 3660
6 24 420
6 26 280
6 27 800
6 28 100
6 29 60
6 31 20
6 32 20
6 108 20
6 33 20
6 36 120
6 37 20
6 39 40
6 40 160
6 122 40
6 43 20
6 44 40
6 46 900
6 110 40
6 48 20
6 49 420
6 100 20
6 50 60
6 51 300
6 123 20
6 58 20
6 124 60
6 59 20
6 125 20
6 65 20
6 112 60
6 126 20
6 66 20
6 127 20
6 68 140
6 70 20
6 128 20
6 103 20
6 72 20
6 129 20
6 130 20
6 75 60
6 104 40
6 118 40
6 119 40
6 77 500
6 131 600
6 81 80
6 82 60
6 132 20
6 121 60
7 8 60
7 9 160
7 10 160
7 11 40
7 12 1420
7 13 60
7 15 120
7 17 80
7 18 20
7 20 80
7 21 3160
7 22 60
7 23 1280
7 24 20
7 26 40
7 27 280
7 28 40
7 29 20
7 30 80
7 31 220
7 32 40
7 33 20
7 133 500
7 36 20
7 38 20
7 39 1160
7 40 3440
7 122 100
7 41 20
7 134 160
7 42 120
7 44 60
7 98 500
7 46 160
7 110 140
7 49 180
7 100 40
7 50 140
7 51 80
7 135 40
7 55 40
7 58 20
7 136 60
7 59 220
7 137 60
7 60 100
7 61 60
7 62 20
7 63 40
7 125 20
7 65 40
7 138 20
7 102 20
7 66 80
7 68 60
7 69 20
7 139 20
7 115 20
7 140 40
7 71 240
7 141 80
7 128 20
7 142 60
7 143 20
7 144 20
7 145 20
7 75 20
7 104 20
7 118 60
7 105 340
7 146 80
7 77 60
7 78 20
7 131 40
7 79 100
7 147 20
7 148 20
7 106 40
7 94 20
7 107 500
7 149 20
7 150 20
7 81 4780
7 151 20
7 82 400
7 132 20
7 152 20
7 84 440
8 9 120
8 10 220
8 11 120
8 12 300
8 14 60
8 16 160
8 17 40
8 18 100
8 19 20
8 20 1400
8 21 180
8 22 120
8 23 60
8 24 320
8 26 180
8 27 80
8 29 20
8 32 20
8 108 20
8 33 40
8 36 80
8 42 20
8 153 20
8 46 100
8 110 20
8 48 20
8 49 2660
8 50 300
8 51 1540
8 53 20
8 68 380
8 77 380
9 10 580
9 11 60
9 12 760
9 13 100
9 14 60
9 85 920
9 15 2320
9 16 40
9 17 20
9 18 2580
9 19 20
9 20 380
9 21 360
9 22 120
9 23 540
9 24 440
9 25 140
9 26 340
9 27 980
9 28 180
9 29 320
9 31 220
9 32 60
9 108 380
9 35 140
9 37 20
9 39 20
9 40 120
9 122 100
9 134 20
9 97 20
9 44 120
9 45 20
9 98 20
9 46 15280
9 99 60
9 49 340
9 100 20
9 50 1340
9 51 120
9 154 20
9 155 20
9 156 80
9 88 20
9 55 60
9 56 180
9 57 400
9 89 20
9 136 100
9 59 260
9 137 40
9 60 700
9 61 20
9 101 80
9 62 80
9 63 100
9 64 20
9 157 20
9 113 20
9 67 20
9 68 120
9 69 20
9 115 40
9 140 20
9 116 20
9 72 120
9 75 20
9 76 20
9 104 20
9 118 140
9 119 20
9 105 180
9 146 40
9 77 820
9 78 40
9 79 100
9 106 20
9 107 100
9 80 20
9 81 20
9 151 20
9 158 20
9 82 40
9 152 20
9 84 40
9 121 20
9 159 40
10 11 40
10 12 500
10 14 20
10 15 20
10 16 20
10 17 140
10 18 480
10 20 1660
10 21 280
10 22 180
10 87 60
10 23 3280
10 24 260
10 26 560
10 27 140
10 28 160
10 29 100
10 30 60
10 31 20
10 32 20
10 108 360
10 33 40
10 34 20
10 38 40
10 39 100
10 40 60
10 41 200
10 42 40
10 97 140
10 43 20
10 45 160
10 98 40
10 46 180
10 99 140
10 110 20
10 49 400
10 100 20
10 50 620
10 51 120
10 154 20
10 52 140
10 56 20
10 57 20
10 89 20
10 58 40
10 63 20
10 64 1300
10 102 20
10 66 160
10 67 40
10 68 160
10 160 20
10 70 20
10 161 20
10 72 20
10 75 1520
10 104 80
10 77 80
10 79 180
10 106 520
10 94 40
10 120 20
10 107 40
10 80 1000
10 150 20
10 158 60
10 84 40
11 12 100
11 14 40
11 15 20
11 17 40
11 18 20
11 20 80
11 21 100
11 22 40
11 23 20
11 24 1360
11 26 1500
11 27 40
11 32 20
11 162 20
11 33 20
11 36 60
11 134 20
11 46 140
11 49 360
11 50 60
11 51 280
11 68 240
11 77 80
12 13 80
12 14 60
12 85 60
12 15 220
12 16 40
12 17 60
12 86 20
12 18 2760
12 19 20
12 20 200
12 21 2120
12 22 20
12 23 3020
12 24 200
12 25 20
12 26 200
12 27 520
12 28 2360
12 96 20
12 29 20
12 30 40
12 31 260
12 32 1040
12 108 40
12 33 120
12 133 20
12 35 100
12 109 20
12 36 60
12 38 20
12 39 100
12 40 240
12 122 20
12 41 20
12 42 40
12 43 40
12 46 620
12 99 20
12 110 40
12 49 340
12 100 20
12 50 140
12 51 120
12 155 40
12 156 200
12 88 20
12 54 20
12 56 60
12 58 20
12 59 100
12 137 60
12 61 40
12 101 200
12 62 60
12 63 20
12 64 220
12 92 20
12 112 20
12 138 20
12 163 20
12 66 40
12 68 180
12 69 60
12 115 20
12 70 20
12 71 100
12 141 20
12 142 100
12 164 20
12 72 40
12 165 20
12 144 20
12 130 20
12 77 680
12 131 120
12 79 60
12 106 60
12 94 20
12 107 40
12 80 60
12 81 160
12 166 20
12 151 20
12 158 20
12 82 20
13 14 760
13 85 140
13 15 500
13 16 120
13 17 200
13 86 340
13 19 500
13 20 20
13 22 220
13 87 120
13 23 20
13 25 60
13 27 1000
13 28 780
13 96 520
13 29 140
13 31 1580
13 32 400
13 34 100
13 35 2580
13 36 240
13 44 20
13 153 20
13 46 200
13 48 20
13 51 400
13 154 20
13 167 40
13 155 20
13 168 20
13 156 2760
13 111 20
13 54 20
13 169 20
13 57 40
13 89 940
13 170 20
13 124 20
13 92 20
13 114 20
13 69 60
13 128 20
13 77 20
13 84 20
13 171 20
14 85 220
14 15 1120
14 16 4680
14 17 800
14 86 480
14 18 40
14 19 2260
14 20 720
14 22 3920
14 87 380
14 23 20
14 24 660
14 25 220
14 26 420
14 27 20
14 28 280
14 96 480
14 29 1400
14 30 20
14 31 240
14 32 400
14 108 40
14 33 120
14 34 120
14 35 720
14 36 1920
14 37 20
14 38 20
14 39 200
14 42 100
14 44 60
14 98 20
14 46 20
14 49 1040
14 50 40
14 51 1040
14 155 20
14 172 20
14 173 20
14 156 120
14 174 20
14 54 20
14 55 800
14 57 20
14 89 460
14 58 60
14 136 20
14 60 40
14 61 20
14 62 20
14 65 20
14 66 20
14 67 20
14 69 400
14 70 40
14 71 20
14 164 20
14 72 40
14 105 40
14 77 60
14 79 460
14 149 20
14 80 20
14 158 20
14 175 20
14 171 20
85 15 3460
85 16 360
85 17 360
85 86 1180
85 19 540
85 20 40
85 22 680
85 87 160
85 23 40
85 24 40
85 25 80
85 27 320
85 28 360
85 96 200
85 29 100
85 31 840
85 32 400
85 33 20
85 34 360
85 35 40
85 36 140
85 38 20
85 40 20
85 43 20
85 44 20
85 46 180
85 110 40
85 49 40
85 154 20
85 155 20
85 123 20
85 156 100
85 56 20
85 57 20
85 89 640
85 176 20
85 125 20
85 112 20
85 102 20
85 69 700
85 115 20
85 72 20
85 74 20
85 165 20
85 131 40
85 107 20
85 81 20
85 177 20
15 16 660
15 17 520
15 86 880
15 18 160
15 19 780
15 20 140
15 21 20
15 22 460
15 87 200
15 23 100
15 24 80
15 25 260
15 26 80
15 27 300
15 28 720
15 96 160
15 29 3100
15 30 40
15 31 360
15 32 540
15 108 300
15 33 40
15 34 340
15 35 360
15 36 2940
15 39 40
15 40 80
15 41 20
15 134 100
15 42 60
15 43 120
15 44 20
15 46 3260
15 110 20
15 49 140
15 100 20
15 50 420
15 51 40
15 155 20
15 123 40
15 156 200
15 178 20
15 111 20
15 54 40
15 169 20
15 55 80
15 56 120
15 57 320
15 89 340
15 124 60
15 136 20
15 179 20
15 59 20
15 137 40
15 60 280
15 61 40
15 101 40
15 62 80
15 63 20
15 180 40
15 112 80
15 181 20
15 182 20
15 66 240
15 183 40
15 69 820
15 184 40
15 160 20
15 70 20
15 140 20
15 116 20
15 71 20
15 161 20
15 72 20
15 74 40
15 143 20
15 165 20
15 118 100
15 119 20
15 105 80
15 78 20
15 131 100
15 79 40
15 147 20
15 94 40
15 120 20
15 107 20
15 80 20
15 81 40
15 151 40
15 158 40
15 82 40
15 185 20
15 175 20
15 152 20
15 84 60
15 177 60
15 121 20
16 17 600
16 86 2020
16 18 80
16 19 780
16 22 3260
16 87 920
16 23 40
16 24 820
16 25 180
16 26 560
16 27 40
16 28 1820
16 96 1000
16 29 820
16 31 660
16 32 600
16 108 40
16 33 60
16 34 1380
16 35 420
16 109 20
16 36 720
16 39 380
16 40 100
16 41 20
16 134 40
16 42 660
16 186 20
16 46 40
16 49 140
16 50 80
16 51 1020
16 187 20
16 155 20
16 52 20
16 156 2520
16 178 20
16 111 20
16 54 80
16 55 640
16 56 100
16 57 100
16 89 1140
16 170 20
16 58 120
16 136 20
16 60 420
16 101 20
16 62 20
16 63 20
16 64 20
16 65 20
16 126 20
16 66 20
16 188 20
16 189 20
16 69 620
16 184 20
16 161 20
16 72 40
16 129 40
16 75 40
16 76 20
16 190 20
16 191 20
16 192 40
16 119 40
16 105 40
16 193 20
16 78 20
16 79 1060
16 147 20
16 148 20
16 107 60
16 194 20
16 80 20
16 195 40
16 158 20
16 82 20
16 196 20
16 132 20
16 84 20
16 177 20
16 171 40
17 86 40
17 18 20
17 19 400
17 20 340
17 22 1300
17 87 420
17 23 20
17 24 420
17 25 680
17 26 100
17 27 20
17 28 240
17 96 280
17 29 2560
17 30 40
17 31 120
17 32 180
17 108 20
17 162 20
17 33 60
17 34 1640
17 35 200
17 36 3060
17 39 20
17 40 120
17 44 40
17 98 20
17 46 40
17 99 40
17 49 540
17 100 20
17 50 40
17 51 60
17 197 20
17 156 100
17 198 20
17 89 620
17 176 20
17 62 20
17 63 20
17 69 20
17 145 20
17 191 20
17 199 20
17 200 20
17 201 20
17 81 20
17 151 20
17 202 20
86 19 220
86 22 360
86 87 440
86 23 1200
86 25 80
86 27 40
86 28 420
86 96 820
86 29 40
86 31 2580
86 32 320
86 108 20
86 34 2820
86 36 60
86 39 20
86 134 20
86 98 20
86 173 20
86 52 20
86 156 260
86 55 40
86 56 20
86 89 460
86 170 20
86 58 40
86 136 20
86 179 20
86 62 20
86 63 40
86 114 20
86 69 2580
86 203 20
86 129 20
86 190 20
86 192 20
86 204 20
86 148 20
86 175 20
18 19 20
18 20 160
18 21 80
18 22 240
18 23 4000
18 24 160
18 26 180
18 27 200
18 28 20
18 29 20
18 33 20
18 35 20
18 39 20
18 40 40
18 42 20
18 43 20
18 46 740
18 49 200
18 50 80
18 51 160
18 54 60
18 55 20
18 57 40
18 58 20
18 60 20
18 61 20
18 64 80
18 112 40
18 138 20
18 66 140
18 68 20
18 69 20
18 160 20
18 142 20
18 143 20
18 130 20
18 75 560
18 77 100
18 193 20
18 131 20
18 79 40
18 107 20
18 149 20
18 80 80
18 81 40
19 20 40
19 22 2140
19 87 60
19 23 20
19 24 20
19 25 320
19 26 200
19 28 520
19 96 380
19 29 480
19 30 60
19 31 260
19 32 380
19 108 20
19 34 1880
19 35 940
19 36 700
19 37 80
19 39 20
19 40 20
19 41 20
19 134 20
19 42 40
19 98 20
19 46 60
19 205 20
19 110 40
19 48 20
19 100 20
19 50 60
19 51 400
19 154 100
19 167 20
19 155 20
19 168 20
19 123 20
19 53 20
19 156 180
19 54 900
19 55 80
19 56 20
19 57 20
19 89 740
19 58 540
19 179 20
19 59 20
19 176 20
19 137 20
19 101 20
19 62 20
19 63 20
19 64 20
19 65 20
19 102 40
19 163 20
19 114 20
19 206 20
19 67 20
19 69 360
19 71 40
19 72 20
19 78 20
19 79 60
19 147 20
19 80 20
19 150 20
19 166 20
19 83 20
19 207 20
19 175 20
20 21 80
20 22 780
20 87 40
20 23 320
20 24 760
20 26 380
20 27 80
20 28 20
20 32 20
20 162 20
20 33 40
20 34 100
20 35 60
20 36 280
20 40 20
20 43 20
20 46 180
20 49 2160
20 100 40
20 50 540
20 51 920
20 124 20
20 59 20
20 63 20
20 112 40
20 68 260
20 72 20
20 144 20
20 192 20
20 105 20
20 77 220
20 131 40
20 107 40
20 84 20
21 22 20
21 23 1260
21 24 200
21 26 180
21 27 540
21 29 20
21 30 20
21 31 80
21 32 20
21 162 20
21 33 20
21 36 20
21 39 20
21 46 260
21 49 440
21 50 120
21 51 820
21 53 20
21 135 20
21 138 20
21 182 20
21 208 40
21 68 60
21 160 20
21 103 20
21 145 20
21 119 40
21 77 500
21 79 20
21 150 20
21 81 40
22 87 660
22 23 340
22 24 560
22 25 40
22 26 220
22 28 400
22 96 280
22 29 780
22 30 20
22 31 1340
22 32 1080
22 108 20
22 162 20
22 33 160
22 34 200
22 35 1100
22 36 1340
22 39 20
22 40 20
22 41 40
22 42 20
22 43 20
22 44 40
22 45 20
22 46 20
22 99 40
22 110 20
22 49 740
22 100 20
22 50 100
22 51 420
22 154 20
22 187 20
22 53 20
22 135 20
22 156 20
22 174 20
22 54 20
22 55 20
22 56 20
22 89 300
22 170 20
22 124 40
22 59 20
22 63 40
22 64 20
22 92 20
22 138 20
22 126 20
22 66 220
22 188 20
22 93 20
22 67 20
22 69 320
22 184 20
22 140 20
22 71 40
22 72 20
22 129 20
22 75 660
22 76 20
22 190 20
22 105 20
22 193 20
22 78 20
22 204 20
22 79 120
22 148 20
22 107 20
22 202 40
22 82 40
22 83 20
22 84 40
22 177 20
22 171 20
87 24 40
87 25 300
87 28 40
87 96 1420
87 29 620
87 31 300
87 32 140
87 33 160
87 34 900
87 35 200
87 36 660
87 43 20
87 44 20
87 186 20
87 98 20
87 49 20
87 100 20
87 50 20
87 154 20
87 156 100
87 89 300
87 58 20
87 136 20
87 179 20
87 209 40
87 182 20
87 69 380
87 115 40
87 210 20
87 199 20
87 78 20
87 177 20
23 24 220
23 25 20
23 26 440
23 27 1020
23 28 200
23 31 260
23 32 240
23 108 80
23 162 40
23 34 100
23 133 20
23 35 40
23 36 40
23 39 120
23 40 160
23 41 140
23 134 20
23 42 20
23 43 20
23 44 40
23 46 680
23 110 20
23 48 20
23 49 240
23 100 20
23 50 200
23 51 20
23 154 20
23 52 20
23 53 140
23 135 20
23 54 40
23 55 20
23 56 60
23 124 40
23 59 20
23 60 20
23 63 80
23 64 220
23 91 20
23 112 60
23 163 20
23 66 160
23 183 20
23 127 60
23 68 60
23 69 20
23 139 20
23 115 40
23 160 20
23 71 60
23 128 20
23 142 20
23 72 20
23 129 20
23 144 20
23 145 60
23 75 1420
23 105 20
23 146 20
23 77 120
23 78 20
23 131 120
23 79 40
23 107 40
23 149 20
23 211 20
23 80 40
23 81 280
23 158 20
23 82 80
24 25 180
24 26 820
24 27 160
24 28 120
24 29 1400
24 30 40
24 31 40
24 32 40
24 108 20
24 33 20
24 35 260
24 36 400
24 39 20
24 40 480
24 41 20
24 42 40
24 43 20
24 44 40
24 45 100
24 46 420
24 110 40
24 49 1000
24 50 1760
24 51 1200
24 53 20
24 54 60
24 55 60
24 56 120
24 58 80
24 137 20
24 60 20
24 101 20
24 63 80
24 66 60
24 68 120
24 69 180
24 71 80
24 72 80
24 165 20
24 75 20
24 76 20
24 104 60
24 212 20
24 118 20
24 105 20
24 146 40
24 77 340
24 78 60
24 79 160
24 106 60
24 94 20
24 107 20
24 81 80
24 151 20
24 82 20
24 84 100
24 121 20
25 28 220
25 96 180
25 29 480
25 30 40
25 31 20
25 32 100
25 33 20
25 34 360
25 35 320
25 36 80
25 153 20
25 46 140
25 50 100
25 154 80
25 156 120
25 54 20
25 169 20
25 89 160
25 58 20
25 176 20
25 137 20
25 60 20
25 102 20
25 182 20
25 114 20
25 69 100
25 71 20
25 72 40
25 75 20
25 190 20
25 79 40
25 80 20
26 27 180
26 28 20
26 29 140
26 31 20
26 32 60
26 108 20
26 33 540
26 36 20
26 40 20
26 41 20
26 134 40
26 43 20
26 44 40
26 45 20
26 46 140
26 49 400
26 50 2220
26 51 940
26 168 20
26 173 20
26 54 280
26 55 20
26 56 20
26 58 40
26 59 20
26 101 40
26 63 20
26 138 20
26 126 20
26 208 20
26 206 20
26 68 80
26 69 100
26 71 20
26 72 40
26 74 20
26 165 20
26 144 20
26 105 20
26 77 120
26 131 20
26 79 240
26 82 20
27 28 60
27 96 560
27 29 60
27 30 20
27 31 20
27 32 80
27 108 60
27 133 20
27 36 40
27 37 20
27 38 20
27 39 40
27 40 20
27 43 320
27 44 60
27 45 20
27 98 40
27 46 3200
27 110 20
27 48 20
27 49 240
27 100 20
27 50 120
27 51 580
27 57 20
27 89 20
27 58 20
27 60 20
27 63 60
27 65 40
27 112 20
27 126 20
27 113 20
27 66 40
27 183 20
27 127 20
27 184 20
27 213 20
27 116 20
27 164 20
27 72 20
27 144 20
27 75 20
27 118 20
27 105 60
27 77 380
27 78 40
27 79 40
27 107 60
27 158 80
27 121 20
28 96 340
28 29 200
28 31 2880
28 32 4640
28 108 20
28 33 20
28 34 240
28 35 460
28 36 320
28 39 40
28 40 80
28 122 20
28 42 20
28 43 40
28 44 40
28 98 40
28 46 80
28 49 40
28 100 20
28 50 20
28 51 40
28 52 20
28 156 1260
28 54 20
28 169 20
28 55 20
28 56 20
28 89 380
28 136 20
28 209 60
28 59 20
28 60 40
28 101 360
28 62 20
28 125 20
28 64 20
28 126 20
28 182 20
28 66 40
28 127 20
28 69 160
28 70 20
28 140 20
28 71 20
28 129 20
28 75 40
28 104 60
28 105 40
28 78 20
28 131 20
28 79 20
28 106 20
28 107 20
28 194 20
28 81 60
28 82 60
28 185 20
28 207 20
28 84 20
96 29 420
96 31 220
96 32 200
96 108 20
96 33 80
96 34 520
96 35 1440
96 36 300
96 39 20
96 44 20
96 153 40
96 46 40
96 49 40
96 50 20
96 51 40
96 187 20
96 155 20
96 173 20
96 156 660
96 54 20
96 169 40
96 55 20
96 56 20
96 89 580
96 136 20
96 179 20
96 137 20
96 61 20
96 63 40
96 126 20
96 182 20
96 66 20
96 69 640
96 161 20
96 128 20
96 76 20
96 192 40
96 119 20
96 200 20
96 194 20
96 195 40
96 207 20
96 171 20
29 30 20
29 31 60
29 32 280
29 108 40
29 33 240
29 34 380
29 35 2340
29 36 2920
29 39 60
29 40 100
29 41 60
29 134 20
29 42 20
29 97 20
29 43 40
29 44 80
29 45 40
29 46 300
29 99 40
29 110 60
29 49 140
29 100 40
29 50 2020
29 51 120
29 187 20
29 197 20
29 172 20
29 168 40
29 156 220
29 174 20
29 54 140
29 55 80
29 56 40
29 89 620
29 170 20
29 58 100
29 136 40
29 179 20
29 137 40
29 60 20
29 61 20
29 101 60
29 62 20
29 65 40
29 163 20
29 113 20
29 182 20
29 66 20
29 69 140
29 184 20
29 115 20
29 70 20
29 140 40
29 71 40
29 161 20
29 103 20
29 72 80
29 144 20
29 145 20
29 75 20
29 104 20
29 192 60
29 118 20
29 200 20
29 146 40
29 77 20
29 78 40
29 131 40
29 204 20
29 79 60
29 148 20
29 106 20
29 194 20
29 80 60
29 158 20
29 84 20
29 159 20
29 171 20
30 31 40
30 108 740
30 162 280
30 33 20
30 34 40
30 133 200
30 35 60
30 36 40
30 214 140
30 37 940
30 38 1240
30 39 880
30 40 700
30 215 220
30 122 1040
30 41 940
30 134 340
30 42 1300
30 97 280
30 43 20
30 45 20
30 46 20
30 110 20
30 100 20
30 50 100
30 173 380
30 216 40
30 178 20
30 111 520
30 54 20
30 56 80
30 57 20
30 58 60
30 124 40
30 101 20
30 62 140
30 63 20
30 64 1160
30 217 20
30 65 20
30 112 20
30 66 180
30 67 20
30 213 20
30 70 60
30 161 40
30 103 60
30 72 20
30 74 20
30 143 20
30 75 980
30 104 720
30 118 240
30 105 60
30 146 40
30 131 80
30 79 3320
30 106 1060
30 107 220
30 80 280
30 81 20
30 166 20
30 158 20
30 82 360
30 84 40
30 121 20
31 32 4940
31 108 40
31 162 20
31 33 20
31 34 280
31 35 240
31 36 100
31 39 140
31 40 80
31 42 20
31 43 40
31 44 20
31 45 20
31 153 20
31 46 80
31 205 20
31 49 160
31 100 20
31 51 80
31 154 20
31 156 4000
31 55 40
31 57 20
31 89 620
31 59 20
31 60 60
31 61 40
31 101 460
31 63 40
31 182 20
31 66 20
31 67 20
31 69 580
31 115 20
31 70 20
31 71 60
31 142 20
31 104 180
31 105 20
31 79 400
31 147 20
31 106 20
31 120 20
31 149 40
31 81 180
31 151 20
31 158 20
31 82 40
31 132 20
32 33 40
32 34 200
32 35 1940
32 36 160
32 37 20
32 39 60
32 40 40
32 134 20
32 43 20
32 186 40
32 98 20
32 46 40
32 99 60
32 49 100
32 100 20
32 50 20
32 123 20
32 156 1520
32 178 20
32 55 60
32 57 20
32 89 220
32 58 20
32 136 20
32 60 40
32 61 40
32 101 960
32 125 20
32 64 20
32 66 20
32 69 200
32 70 20
32 71 20
32 75 20
32 146 20
32 79 140
32 149 20
32 80 20
32 166 20
32 158 60
108 162 140
108 35 20
108 109 20
108 36 20
108 214 3920
108 37 400
108 38 1480
108 39 380
108 40 920
108 215 380
108 122 2420
108 41 460
108 134 1260
108 42 260
108 97 200
108 43 20
108 98 20
108 46 900
108 99 220
108 49 20
108 50 60
108 51 40
108 154 20
108 197 20
108 167 20
108 173 120
108 111 760
108 198 20
108 169 40
108 55 40
108 56 180
108 57 80
108 58 20
108 136 20
108 209 40
108 59 100
108 176 40
108 101 40
108 62 80
108 63 60
108 64 580
108 217 20
108 218 20
108 66 1800
108 208 20
108 69 60
108 140 40
108 71 480
108 141 20
108 161 20
108 103 20
108 72 40
108 75 320
108 104 40
108 118 5540
108 105 700
108 77 20
108 131 480
108 79 240
108 147 20
108 106 400
108 219 20
108 107 400
108 80 320
108 158 40
108 82 140
108 175 40
108 132 20
108 84 60
108 121 40
108 220 20
162 33 40
162 133 3300
162 214 180
162 37 480
162 38 400
162 39 380
162 40 1000
162 215 180
162 122 440
162 41 760
162 134 300
162 42 1080
162 97 260
162 49 20
162 173 220
162 111 1180
162 209 20
162 64 1500
162 66 300
162 129 20
162 165 20
162 75 760
162 118 640
162 79 860
33 34 60
33 35 20
33 36 440
33 37 20
33 46 20
33 49 200
33 50 20
33 51 60
33 89 40
33 77 20
34 35 400
34 36 680
34 37 40
34 38 20
34 39 20
34 122 20
34 42 40
34 186 40
34 205 20
34 49 80
34 221 20
34 50 100
34 154 80
34 155 20
34 52 60
34 53 20
34 156 260
34 54 60
34 169 20
34 55 20
34 56 20
34 89 420
34 58 80
34 114 20
34 189 20
34 206 20
34 69 1240
34 72 40
34 222 20
34 193 20
34 78 40
34 148 20
133 214 20
133 37 80
133 38 220
133 39 60
133 40 1160
133 215 60
133 122 120
133 41 40
133 134 300
133 42 20
133 97 120
133 98 160
133 110 20
133 173 80
133 111 120
133 137 40
133 64 80
133 217 20
133 112 40
133 181 20
133 66 80
133 127 160
133 165 20
133 144 20
133 75 60
133 104 20
133 118 100
133 79 400
133 106 20
133 94 40
133 149 40
133 80 40
133 81 340
133 158 20
133 223 80
35 36 420
35 37 20
35 39 40
35 40 20
35 43 40
35 45 20
35 98 20
35 46 80
35 99 40
35 100 60
35 50 800
35 51 60
35 155 40
35 123 20
35 156 140
35 174 20
35 54 340
35 55 60
35 56 40
35 57 20
35 89 720
35 58 300
35 136 20
35 179 20
35 176 20
35 137 20
35 60 20
35 64 20
35 66 80
35 93 20
35 69 200
35 140 20
35 71 20
35 128 20
35 103 40
35 104 60
35 77 20
35 131 20
35 79 60
35 148 20
35 106 140
35 82 20
35 175 20
35 159 20
109 39 20
109 134 20
109 44 20
109 187 60
109 53 260
109 135 220
109 111 60
109 58 20
109 92 80
109 93 100
109 208 120
109 139 40
109 104 160
109 222 220
109 191 20
109 212 100
109 118 20
109 199 240
109 119 380
109 105 340
109 77 80
109 193 100
109 131 140
109 204 60
109 148 20
109 106 80
109 95 20
109 107 280
109 201 180
109 80 80
109 150 100
109 81 220
109 195 140
109 202 120
109 82 240
109 224 60
36 40 540
36 43 20
36 44 20
36 98 60
36 46 20
36 99 40
36 110 20
36 49 280
36 50 180
36 51 20
36 225 20
36 155 80
36 172 20
36 156 340
36 57 20
36 89 220
36 63 40
36 66 20
36 69 80
36 70 20
36 71 20
36 142 20
36 164 20
36 72 40
36 190 20
36 199 40
36 146 20
36 78 40
36 106 20
36 201 20
36 195 20
36 151 20
36 202 20
36 82 20
36 132 20
214 37 240
214 38 300
214 39 40
214 40 220
214 215 360
214 122 1020
214 41 100
214 134 60
214 42 60
214 97 60
214 46 20
214 173 120
214 111 100
214 64 140
214 66 80
214 75 40
214 118 840
214 79 160
214 158 20
37 38 1500
37 39 580
37 40 220
37 215 100
37 122 40
37 41 140
37 134 260
37 42 1060
37 97 160
37 46 20
37 50 60
37 155 40
37 173 320
37 123 20
37 216 20
37 178 40
37 111 340
37 169 20
37 57 20
37 170 20
37 179 20
37 59 20
37 64 160
37 66 180
37 71 20
37 75 660
37 118 400
37 79 1360
37 175 20
37 159 20
38 39 380
38 40 640
38 215 380
38 122 240
38 41 580
38 134 940
38 42 1340
38 97 60
38 45 60
38 98 40
38 110 40
38 50 60
38 173 100
38 52 40
38 111 400
38 124 20
38 136 20
38 63 20
38 64 2660
38 66 540
38 184 20
38 140 20
38 71 20
38 164 20
38 75 740
38 104 280
38 118 720
38 79 700
38 106 640
38 94 160
38 80 680
38 166 20
38 121 60
39 40 2340
39 215 1540
39 122 80
39 41 160
39 134 140
39 42 1920
39 97 1260
39 45 20
39 99 20
39 100 80
39 50 120
39 173 580
39 52 120
39 216 40
39 111 300
39 55 960
39 56 160
39 57 40
39 136 20
39 59 20
39 60 20
39 101 80
39 62 80
39 63 20
39 64 120
39 65 20
39 163 20
39 126 20
39 66 160
39 69 40
39 70 20
39 140 40
39 71 40
39 161 40
39 72 60
39 143 20
39 130 20
39 145 20
39 75 220
39 104 140
39 118 1440
39 105 320
39 146 60
39 78 80
39 131 20
39 79 1840
39 106 140
39 94 160
39 107 420
39 149 20
39 80 160
39 81 960
39 151 40
39 158 20
39 82 280
39 83 20
39 207 20
39 84 160
39 121 20
40 215 580
40 122 700
40 41 400
40 134 1380
40 42 540
40 97 1200
40 44 60
40 46 100
40 49 60
40 50 260
40 51 20
40 173 240
40 123 20
40 52 20
40 111 1700
40 55 60
40 56 20
40 57 20
40 89 20
40 170 40
40 58 20
40 136 340
40 59 280
40 137 160
40 60 40
40 101 80
40 62 80
40 63 20
40 125 60
40 64 280
40 157 20
40 66 560
40 183 20
40 127 320
40 67 20
40 70 40
40 116 120
40 71 180
40 203 20
40 142 20
40 72 100
40 75 300
40 76 20
40 190 20
40 104 160
40 118 760
40 105 80
40 78 20
40 131 80
40 79 680
40 106 60
40 94 20
40 120 20
40 107 180
40 149 60
40 80 100
40 81 2040
40 151 20
40 158 40
40 82 80
40 223 60
40 84 1480
215 122 360
215 41 120
215 134 880
215 42 80
215 97 80
215 173 640
215 111 420
215 56 40
215 170 120
215 137 40
215 62 20
215 64 580
215 66 180
215 75 180
215 118 780
215 79 200
215 94 60
122 41 1180
122 134 180
122 42 320
122 97 120
122 43 20
122 98 40
122 46 60
122 99 120
122 100 20
122 173 160
122 111 540
122 170 20
122 63 20
122 64 1420
122 66 140
122 140 60
122 161 60
122 72 20
122 144 20
122 75 260
122 104 100
122 118 2700
122 105 100
122 78 20
122 131 20
122 79 640
122 106 80
122 107 120
122 81 20
122 82 180
41 134 200
41 42 340
41 97 140
41 173 40
41 111 220
41 54 20
41 55 20
41 56 100
41 57 80
41 136 20
41 59 80
41 60 20
41 61 20
41 101 40
41 62 640
41 64 3860
41 66 40
41 139 20
41 70 20
41 71 40
41 75 2020
41 118 220
41 105 20
41 131 60
41 79 4840
41 106 1000
41 94 60
41 80 840
41 166 20
41 158 20
41 171 20
134 42 2180
134 97 880
134 46 20
134 100 20
134 50 60
134 155 20
134 173 100
134 111 300
134 55 40
134 56 60
134 57 60
134 136 140
134 60 140
134 61 40
134 101 40
134 64 260
134 112 20
134 181 40
134 66 580
134 69 20
134 128 20
134 75 120
134 118 680
134 105 920
134 131 720
134 79 140
134 107 220
134 149 80
134 80 20
134 81 140
134 158 40
134 82 120
134 223 40
134 185 80
134 84 20
42 97 160
42 43 20
42 46 20
42 49 20
42 50 60
42 51 40
42 173 360
42 216 40
42 178 20
42 111 760
42 54 20
42 55 620
42 56 120
42 57 20
42 170 20
42 58 40
42 59 20
42 60 80
42 61 40
42 101 60
42 62 60
42 64 1080
42 217 20
42 181 20
42 126 20
42 66 260
42 226 20
42 93 20
42 69 80
42 115 20
42 71 40
42 210 40
42 129 20
42 143 20
42 75 840
42 118 280
42 199 140
42 105 60
42 146 20
42 131 40
42 79 1540
42 219 20
42 107 60
42 82 80
42 175 20
42 84 100
42 159 20
97 43 700
97 44 160
97 45 300
97 46 20
97 47 40
97 99 80
97 49 20
97 100 120
97 51 20
97 155 20
97 173 80
97 52 40
97 111 300
97 56 20
97 58 20
97 136 300
97 59 140
97 137 20
97 60 40
97 61 180
97 101 20
97 62 40
97 63 360
97 64 300
97 65 80
97 92 20
97 126 20
97 66 3040
97 115 80
97 140 20
97 71 260
97 141 20
97 117 80
97 203 20
97 142 20
97 72 20
97 165 20
97 130 40
97 75 280
97 190 20
97 104 40
97 118 180
97 105 40
97 78 20
97 131 80
97 79 260
97 147 20
97 106 160
97 94 60
97 81 160
97 84 20
97 159 20
43 44 400
43 186 400
43 45 640
43 98 680
43 153 260
43 47 1900
43 99 440
43 205 1440
43 110 1440
43 48 60
43 49 20
43 100 2720
43 221 400
43 50 40
43 154 1820
43 155 60
43 168 20
43 123 100
43 52 20
43 53 20
43 55 20
43 57 20
43 89 40
43 58 20
43 124 60
43 136 20
43 227 280
43 61 20
43 62 20
43 63 200
43 125 20
43 64 100
43 217 20
43 91 1400
43 65 120
43 92 180
43 138 660
43 102 140
43 163 40
43 218 80
43 126 280
43 113 100
43 182 220
43 66 100
43 114 700
43 228 20
43 188 220
43 189 100
43 127 20
43 229 340
43 208 40
43 206 60
43 67 20
43 69 60
43 115 140
43 160 120
43 70 60
43 140 1320
43 71 40
43 141 20
43 128 40
43 142 20
43 210 20
43 72 1000
43 73 680
43 129 40
43 74 20
43 143 20
43 165 60
43 130 840
43 76 20
43 230 20
43 231 20
43 190 420
43 104 20
43 212 40
43 192 100
43 118 40
43 200 420
43 146 800
43 77 20
43 78 900
43 131 20
43 147 60
43 148 260
43 106 20
43 94 940
43 120 60
43 107 60
43 194 140
43 80 60
43 232 20
43 81 20
43 166 80
43 151 40
43 158 80
43 196 40
43 185 20
43 207 80
43 175 20
43 132 160
43 152 80
43 84 20
43 121 40
43 233 20
43 171 20
44 186 3440
44 45 660
44 98 440
44 153 3840
44 46 60
44 47 360
44 99 420
44 205 680
44 110 740
44 48 900
44 100 1120
44 221 580
44 50 20
44 154 160
44 168 80
44 123 20
44 52 280
44 156 20
44 234 40
44 198 20
44 169 20
44 56 20
44 57 20
44 58 60
44 124 60
44 136 40
44 209 20
44 59 60
44 227 3080
44 176 20
44 60 20
44 101 20
44 62 20
44 63 5280
44 180 20
44 125 20
44 91 180
44 65 20
44 92 240
44 138 620
44 163 200
44 218 940
44 126 180
44 113 40
44 182 120
44 66 280
44 114 360
44 235 20
44 188 100
44 229 60
44 208 100
44 206 200
44 67 40
44 69 20
44 184 40
44 115 80
44 70 80
44 140 200
44 71 20
44 128 380
44 164 40
44 72 480
44 73 40
44 74 140
44 165 100
44 130 120
44 145 200
44 76 40
44 230 20
44 231 60
44 190 280
44 192 20
44 146 20
44 193 20
44 78 380
44 131 40
44 204 20
44 147 60
44 148 20
44 94 20
44 120 20
44 107 40
44 236 20
44 194 2340
44 150 20
44 237 20
44 81 40
44 151 20
44 158 60
44 82 20
44 196 20
44 83 40
44 207 40
44 132 80
44 152 20
44 84 20
44 121 20
186 45 2420
186 98 520
186 153 280
186 47 180
186 99 500
186 205 660
186 110 260
186 48 1340
186 100 1900
186 221 500
186 154 120
186 155 20
186 172 20
186 123 20
186 52 20
186 53 40
186 54 20
186 57 40
186 58 40
186 227 3660
186 176 20
186 137 20
186 60 40
186 63 1740
186 91 460
186 92 240
186 138 440
186 102 40
186 163 80
186 218 60
186 126 2160
186 113 20
186 182 460
186 114 360
186 235 120
186 188 2420
186 189 80
186 229 340
186 208 140
186 206 20
186 71 20
186 72 80
186 130 320
186 145 40
186 231 500
186 190 180
186 222 20
186 212 40
186 192 40
186 200 20
186 146 40
186 78 40
186 147 80
186 106 20
186 236 20
186 194 40
186 237 20
186 158 20
186 175 40
186 132 20
186 177 20
186 233 20
45 98 800
45 153 500
45 47 1440
45 99 4220
45 205 320
45 110 420
45 48 3160
45 100 2500
45 221 640
45 50 20
45 154 360
45 172 20
45 123 60
45 52 260
45 234 20
45 55 20
45 56 40
45 136 20
45 227 4820
45 101 40
45 62 40
45 63 1680
45 64 500
45 91 680
45 65 40
45 92 100
45 157 180
45 138 20
45 102 120
45 181 20
45 163 300
45 218 140
45 126 80
45 113 120
45 182 2300
45 66 760
45 114 1340
45 183 900
45 235 280
45 228 40
45 188 20
45 229 240
45 208 20
45 206 260
45 67 20
45 115 260
45 160 20
45 70 20
45 140 580
45 161 20
45 128 20
45 164 100
45 72 460
45 73 360
45 74 20
45 130 220
45 76 20
45 190 160
45 104 80
45 222 20
45 192 40
45 119 20
45 200 180
45 146 360
45 78 500
45 79 40
45 148 200
45 106 340
45 94 80
45 120 760
45 194 260
45 80 200
45 237 20
45 81 20
45 151 20
45 158 1100
45 82 20
45 196 40
45 207 220
45 132 80
45 152 20
45 84 100
45 177 20
45 121 940
98 153 220
98 46 60
98 47 120
98 99 320
98 205 500
98 110 7040
98 48 700
98 49 20
98 100 340
98 221 2180
98 154 1900
98 187 20
98 155 20
98 123 20
98 53 20
98 54 20
98 56 20
98 57 40
98 58 20
98 124 80
98 59 20
98 227 640
98 61 40
98 63 2760
98 180 20
98 64 80
98 91 520
98 65 40
98 92 180
98 112 20
98 138 300
98 163 60
98 218 40
98 126 80
98 182 740
98 114 2780
98 235 60
98 228 40
98 189 20
98 127 20
98 229 1000
98 208 140
98 206 40
98 67 20
98 70 20
98 140 20
98 71 20
98 161 20
98 72 40
98 74 20
98 130 60
98 145 20
98 75 20
98 76 20
98 190 80
98 104 40
98 192 80
98 118 40
98 199 20
98 119 20
98 200 40
98 105 40
98 146 80
98 78 40
98 131 20
98 106 40
98 94 40
98 107 20
98 194 20
98 149 20
98 80 80
98 81 620
98 151 40
98 152 40
98 84 40
98 121 20
98 159 20
153 47 60
153 99 1340
153 205 460
153 110 320
153 48 2300
153 100 160
153 221 340
153 154 200
153 198 20
153 56 20
153 58 20
153 136 40
153 209 20
153 227 1380
153 176 60
153 60 20
153 101 20
153 63 980
153 91 3100
153 92 240
153 138 480
153 102 80
153 163 40
153 218 160
153 126 20
153 182 620
153 114 440
153 235 20
153 188 300
153 189 80
153 229 180
153 208 80
153 206 100
153 184 20
153 70 40
153 140 20
153 130 60
153 145 140
153 231 100
153 190 220
153 192 20
153 200 20
153 146 160
153 78 40
153 106 20
153 194 220
153 232 20
153 81 20
46 99 240
46 110 100
46 49 220
46 100 20
46 50 1100
46 51 240
46 187 20
46 197 20
46 155 20
46 168 40
46 156 60
46 238 40
46 88 20
46 111 20
46 55 40
46 56 140
46 57 160
46 136 80
46 59 340
46 137 80
46 60 420
46 101 40
46 62 60
46 63 60
46 64 40
46 112 20
46 102 20
46 218 40
46 113 20
46 66 20
46 93 20
46 68 100
46 116 40
46 71 20
46 203 20
46 72 20
46 144 20
46 145 20
46 75 20
46 104 20
46 118 260
46 105 100
46 77 320
46 78 20
46 107 80
46 81 20
46 151 20
46 158 20
46 82 60
46 196 20
47 99 340
47 205 1360
47 110 160
47 48 1020
47 100 340
47 221 900
47 154 260
47 168 20
47 123 40
47 52 40
47 53 20
47 234 20
47 174 40
47 56 20
47 57 20
47 58 20
47 227 320
47 63 260
47 125 120
47 91 680
47 65 40
47 92 40
47 138 120
47 102 40
47 181 20
47 163 260
47 218 200
47 126 120
47 182 180
47 66 40
47 114 260
47 235 160
47 228 20
47 189 20
47 229 180
47 206 160
47 67 40
47 115 20
47 70 20
47 140 20
47 161 120
47 128 60
47 164 40
47 72 20
47 73 160
47 165 60
47 130 240
47 190 360
47 146 2260
47 78 340
47 79 20
47 148 220
47 106 20
47 94 440
47 120 60
47 194 40
47 201 40
47 80 20
47 239 20
47 166 40
47 195 20
47 151 80
47 158 20
47 83 20
47 207 100
47 132 20
47 152 80
47 84 20
47 121 60
47 171 40
99 205 160
99 110 80
99 48 1840
99 49 60
99 100 460
99 221 440
99 50 20
99 154 440
99 187 20
99 155 20
99 56 20
99 58 20
99 90 20
99 59 40
99 227 300
99 137 20
99 101 40
99 63 440
99 125 20
99 64 200
99 91 1520
99 92 2380
99 138 160
99 102 220
99 163 60
99 126 100
99 113 280
99 182 1980
99 66 200
99 114 200
99 235 600
99 228 160
99 229 140
99 206 20
99 160 20
99 70 20
99 140 260
99 71 20
99 72 340
99 73 100
99 74 20
99 130 240
99 145 20
99 75 60
99 76 20
99 190 60
99 118 260
99 200 100
99 146 240
99 78 180
99 79 20
99 148 80
99 106 240
99 120 20
99 194 300
99 80 180
99 239 40
99 232 20
99 151 20
99 158 40
99 196 40
99 84 20
99 121 20
205 110 620
205 48 680
205 100 260
205 221 360
205 154 380
205 53 20
205 124 20
205 227 500
205 63 420
205 91 180
205 92 320
205 138 1460
205 102 200
205 163 60
205 218 20
205 126 40
205 182 480
205 114 420
205 235 900
205 228 40
205 188 20
205 229 440
205 208 20
205 206 140
205 69 20
205 72 80
205 130 60
205 145 20
205 231 40
205 192 20
205 146 60
205 78 20
205 204 20
205 148 60
205 219 20
205 194 80
205 207 20
205 132 20
205 152 20
205 121 40
110 48 120
110 49 20
110 100 300
110 221 2360
110 154 360
110 155 940
110 52 20
110 54 20
110 55 20
110 56 20
110 57 40
110 89 20
110 170 20
110 124 120
110 209 20
110 59 20
110 227 760
110 176 20
110 61 20
110 101 20
110 62 40
110 63 3820
110 125 80
110 64 40
110 91 20
110 65 600
110 92 200
110 138 140
110 163 100
110 126 40
110 182 60
110 66 60
110 114 300
110 235 60
110 228 20
110 229 140
110 206 60
110 69 40
110 115 80
110 70 60
110 140 80
110 161 280
110 128 20
110 103 20
110 164 20
110 72 320
110 129 20
110 165 40
110 130 20
110 75 40
110 190 60
110 104 20
110 192 20
110 200 40
110 105 80
110 146 60
110 78 80
110 131 20
110 148 40
110 106 60
110 219 40
110 120 20
110 107 80
110 194 220
110 149 40
110 80 160
110 239 20
110 150 20
110 81 440
110 166 40
110 151 40
110 158 20
110 82 40
110 83 20
110 207 60
110 132 20
110 84 300
110 121 20
48 100 1140
48 221 180
48 154 240
48 240 20
48 168 20
48 53 40
48 57 20
48 89 20
48 209 20
48 227 1840
48 63 2720
48 91 5700
48 92 420
48 112 20
48 138 1880
48 102 40
48 163 120
48 218 60
48 126 80
48 182 2980
48 114 640
48 235 100
48 228 60
48 188 140
48 189 60
48 229 840
48 208 40
48 206 20
48 69 20
48 160 20
48 203 20
48 142 20
48 73 20
48 129 20
48 130 80
48 145 140
48 190 40
48 192 40
48 146 20
48 193 20
48 147 120
48 194 140
48 132 20
48 84 20
48 177 20
48 171 20
49 50 520
49 51 700
49 88 20
49 111 20
49 56 20
49 89 40
49 137 20
49 63 20
49 65 20
49 112 20
49 66 40
49 70 20
49 116 20
49 141 20
49 72 40
49 129 20
49 74 20
49 76 20
49 77 340
49 79 20
49 106 40
49 107 60
49 81 60
49 202 20
49 82 20
49 84 20
100 221 520
100 154 1040
100 167 80
100 155 80
100 123 1120
100 52 140
100 53 20
100 135 20
100 234 600
100 216 20
100 174 140
100 178 20
100 124 20
100 136 20
100 59 60
100 227 1720
100 101 100
100 62 80
100 63 2400
100 180 20
100 125 100
100 64 80
100 91 2140
100 65 180
100 92 120
100 157 40
100 112 20
100 138 380
100 102 60
100 163 200
100 218 80
100 126 40
100 182 180
100 66 480
100 114 660
100 235 80
100 228 80
100 188 20
100 189 160
100 229 20
100 206 180
100 67 20
100 69 40
100 115 80
100 160 40
100 70 40
100 140 2100
100 116 100
100 71 40
100 128 180
100 142 20
100 164 20
100 72 260
100 73 640
100 143 20
100 144 40
100 130 100
100 145 40
100 75 20
100 231 20
100 190 80
100 104 20
100 192 60
100 200 20
100 105 20
100 146 240
100 78 200
100 147 1080
100 148 680
100 94 340
100 120 120
100 236 60
100 194 100
100 80 40
100 239 20
100 81 60
100 166 20
100 151 160
100 82 20
100 83 2160
100 207 160
100 132 120
100 84 20
100 121 20
100 233 20
100 171 60
221 154 940
221 227 5720
221 63 620
221 91 380
221 92 200
221 138 240
221 102 220
221 163 60
221 218 20
221 113 260
221 182 260
221 114 1100
221 235 100
221 229 120
221 206 20
221 71 20
221 190 20
221 119 20
221 146 200
221 78 20
221 147 20
221 148 20
221 106 20
221 94 20
221 219 20
221 194 20
221 201 20
221 81 20
221 207 40
221 84 20
221 177 20
50 51 260
50 54 20
50 55 20
50 89 20
50 58 20
50 59 80
50 227 20
50 60 40
50 68 160
50 69 80
50 160 20
50 70 20
50 140 40
50 71 20
50 128 20
50 72 100
50 130 20
50 76 20
50 104 40
50 118 20
50 77 360
50 78 100
50 131 20
50 79 120
50 106 20
50 107 60
50 80 40
50 166 20
50 196 20
50 224 20
51 154 20
51 155 20
51 52 20
51 54 100
51 55 40
51 56 20
51 57 40
51 58 20
51 136 20
51 209 20
51 59 20
51 60 20
51 101 20
51 62 20
51 66 40
51 93 20
51 68 40
51 69 220
51 71 80
51 161 40
51 73 20
51 129 20
51 165 20
51 105 20
51 77 300
51 131 40
51 79 220
51 106 20
51 80 20
51 84 40
51 121 20
154 155 120
154 123 60
154 52 1420
154 238 20
154 178 20
154 54 40
154 55 20
154 58 40
154 227 380
154 137 40
154 60 20
154 61 20
154 63 460
154 125 20
154 91 1140
154 65 380
154 92 300
154 157 20
154 138 540
154 102 140
154 163 40
154 218 140
154 126 20
154 113 160
154 182 700
154 66 60
154 114 1420
154 183 300
154 235 60
154 228 160
154 188 40
154 229 840
154 208 180
154 206 100
154 67 20
154 69 20
154 115 180
154 70 60
154 140 40
154 128 80
154 142 20
154 164 240
154 210 20
154 72 1480
154 73 180
154 144 20
154 130 60
154 76 20
154 230 40
154 190 120
154 119 40
154 200 180
154 146 80
154 193 20
154 78 720
154 204 20
154 79 20
154 147 240
154 148 120
154 94 140
154 120 60
154 194 240
154 149 20
154 80 60
154 166 120
154 158 100
154 83 100
154 207 40
154 132 680
154 152 40
154 121 200
187 167 20
187 53 280
187 135 40
187 57 20
187 208 20
187 184 20
187 160 20
187 70 20
187 203 20
187 104 200
187 222 20
187 191 320
187 212 60
187 199 80
187 119 100
187 200 20
187 105 140
187 193 100
187 131 40
187 204 240
187 147 20
187 106 40
187 107 100
187 201 160
187 80 180
187 150 80
187 81 60
187 195 240
187 202 2280
187 82 80
187 224 60
225 197 1120
225 167 1080
225 155 180
225 172 420
225 168 580
225 173 20
225 123 600
225 52 120
225 238 1160
225 234 1320
225 216 340
225 174 1080
225 178 440
225 88 20
225 170 20
225 112 20
225 127 20
225 70 20
225 141 20
225 74 20
225 75 20
225 95 460
225 83 580
225 185 440
225 207 220
225 152 700
225 177 460
225 121 40
225 220 140
225 233 700
225 171 3860
197 167 300
197 240 20
197 155 120
197 172 300
197 168 520
197 123 540
197 52 360
197 238 320
197 234 400
197 216 600
197 174 500
197 178 240
197 88 40
197 169 20
197 56 20
197 170 120
197 136 20
197 59 40
197 137 80
197 180 1180
197 112 760
197 218 40
197 126 20
197 182 20
197 127 100
197 67 1660
197 115 20
197 70 20
197 116 280
197 71 20
197 103 20
197 210 20
197 72 20
197 129 20
197 79 20
197 147 40
197 95 800
197 149 40
197 237 20
197 151 20
197 158 60
197 83 640
197 185 280
197 207 60
197 132 20
197 152 560
197 177 460
197 121 280
197 220 180
197 233 200
197 171 2220
167 240 40
167 155 540
167 172 6880
167 168 520
167 173 20
167 123 1060
167 52 520
167 135 40
167 156 20
167 238 200
167 234 240
167 216 420
167 174 400
167 178 700
167 111 20
167 169 20
167 55 20
167 170 20
167 136 40
167 179 20
167 90 20
167 137 20
167 101 20
167 181 20
167 189 160
167 229 20
167 67 20
167 69 40
167 115 40
167 160 20
167 140 60
167 71 20
167 129 20
167 75 20
167 192 420
167 148 20
167 95 400
167 150 20
167 83 1180
167 185 7800
167 207 360
167 152 300
167 177 440
167 121 580
167 220 240
167 233 380
167 171 320
240 172 340
240 168 60
240 52 20
240 234 80
240 216 1420
240 178 20
240 142 20
240 74 20
240 95 280
240 83 60
240 185 520
240 207 40
240 152 120
240 177 20
240 121 20
240 220 4620
240 233 20
155 172 280
155 168 220
155 173 20
155 123 980
155 52 6780
155 135 20
155 156 20
155 238 80
155 234 140
155 216 1000
155 174 380
155 178 540
155 88 20
155 54 100
155 169 20
155 55 40
155 56 180
155 57 100
155 58 720
155 136 40
155 137 20
155 101 40
155 62 1560
155 63 1060
155 180 20
155 125 120
155 91 20
155 65 3640
155 157 240
155 138 20
155 102 120
155 181 20
155 163 40
155 218 40
155 113 100
155 183 220
155 235 80
155 127 20
155 206 120
155 67 80
155 184 180
155 115 100
155 160 40
155 70 140
155 140 20
155 141 40
155 161 3680
155 203 40
155 164 40
155 72 1040
155 74 60
155 143 60
155 165 20
155 144 60
155 130 60
155 230 20
155 190 20
155 212 20
155 199 40
155 146 140
155 78 40
155 147 500
155 94 120
155 95 480
155 120 2140
155 107 20
155 194 20
155 149 20
155 80 20
155 166 380
155 151 40
155 158 120
155 83 1840
155 185 240
155 207 6160
155 175 240
155 132 20
155 152 1840
155 84 60
155 177 380
155 121 1980
155 220 40
155 233 400
155 171 240
172 168 160
172 123 400
172 52 80
172 53 20
172 238 180
172 234 160
172 216 240
172 174 600
172 178 160
172 169 20
172 55 20
172 124 20
172 179 20
172 59 20
172 112 40
172 188 20
172 71 40
172 95 300
172 83 400
172 185 880
172 207 380
172 175 20
172 152 200
172 177 200
172 121 80
172 220 420
172 233 660
172 171 180
168 123 820
168 52 200
168 53 20
168 238 9780
168 234 260
168 216 1060
168 174 220
168 178 140
168 54 20
168 170 40
168 59 200
168 60 40
168 125 80
168 65 20
168 181 80
168 126 20
168 113 20
168 182 20
168 66 20
168 93 20
168 67 1160
168 115 20
168 70 580
168 140 20
168 141 40
168 161 20
168 128 20
168 203 20
168 164 40
168 74 20
168 143 20
168 165 20
168 146 20
168 78 20
168 79 20
168 147 40
168 148 20
168 94 20
168 95 1340
168 120 60
168 236 780
168 194 40
168 149 20
168 166 20
168 151 40
168 196 3460
168 83 620
168 185 500
168 207 1500
168 132 20
168 152 1800
168 177 320
168 121 340
168 220 240
168 233 280
168 159 20
168 171 560
173 216 80
173 178 40
173 111 340
173 64 60
173 66 820
173 139 20
173 75 120
173 76 20
173 118 3120
173 79 520
173 175 20
173 159 20
123 52 4900
123 135 20
123 238 1660
123 234 180
123 216 300
123 174 1020
123 178 740
123 54 80
123 55 40
123 56 20
123 57 40
123 170 20
123 58 340
123 136 60
123 179 20
123 59 40
123 137 20
123 61 100
123 101 20
123 125 180
123 65 300
123 157 60
123 181 1520
123 163 20
123 218 20
123 126 40
123 66 60
123 183 100
123 228 20
123 189 20
123 127 40
123 206 20
123 69 20
123 115 40
123 70 100
123 140 60
123 116 40
123 161 20
123 128 540
123 203 40
123 103 20
123 164 20
123 72 20
123 73 60
123 129 40
123 143 40
123 165 460
123 130 100
123 145 20
123 230 20
123 192 80
123 119 20
123 105 60
123 146 100
123 78 180
123 147 80
123 148 60
123 94 1100
123 95 1320
123 120 120
123 107 40
123 149 1480
123 150 20
123 81 20
123 166 20
123 195 20
123 151 500
123 158 140
123 196 80
123 83 5600
123 185 520
123 207 800
123 175 140
123 132 120
123 152 2260
123 84 20
123 177 240
123 121 640
123 220 480
123 233 720
123 159 40
123 171 1400
52 238 80
52 234 620
52 216 640
52 174 300
52 178 1040
52 88 20
52 54 140
52 198 40
52 56 140
52 58 300
52 124 60
52 136 40
52 179 20
52 59 120
52 176 40
52 137 20
52 60 20
52 101 20
52 62 40
52 63 60
52 125 360
52 64 20
52 65 460
52 157 200
52 112 60
52 102 140
52 181 20
52 218 80
52 126 640
52 113 80
52 66 20
52 183 80
52 235 20
52 127 40
52 206 60
52 67 20
52 184 100
52 139 20
52 115 200
52 213 20
52 70 100
52 71 100
52 161 120
52 128 40
52 203 680
52 72 20
52 73 80
52 143 60
52 165 60
52 130 140
52 75 60
52 230 120
52 192 20
52 146 160
52 78 20
52 147 40
52 148 20
52 94 460
52 95 1440
52 120 600
52 107 20
52 236 40
52 194 40
52 149 120
52 201 20
52 150 20
52 81 40
52 166 120
52 151 60
52 158 640
52 83 1780
52 185 380
52 207 820
52 175 60
52 132 1140
52 152 1520
52 84 40
52 177 120
52 121 2240
52 233 620
52 159 20
52 171 380
53 135 80
53 63 40
53 91 20
53 92 20
53 138 20
53 163 20
53 182 20
53 235 20
53 188 20
53 115 60
53 160 60
53 70 40
53 116 20
53 203 40
53 72 20
53 145 40
53 76 40
53 231 20
53 104 40
53 222 80
53 191 60
53 212 80
53 199 120
53 119 20
53 105 240
53 146 40
53 193 80
53 78 20
53 204 860
53 147 40
53 106 140
53 107 100
53 201 40
53 80 80
53 150 120
53 81 1580
53 195 40
53 202 100
53 82 120
53 83 20
53 224 20
53 177 20
53 220 20
135 227 60
135 112 100
135 138 20
135 163 40
135 218 40
135 189 20
135 206 40
135 184 20
135 115 60
135 128 40
135 142 120
135 103 20
135 74 20
135 145 20
135 104 100
135 222 160
135 191 80
135 212 280
135 199 360
135 119 340
135 105 380
135 193 400
135 131 1260
135 204 100
135 106 1480
135 107 380
135 194 60
135 201 40
135 80 300
135 150 180
135 81 160
135 195 120
135 202 40
135 82 340
135 83 20
135 224 420
156 56 20
156 89 320
156 101 160
156 62 20
156 66 20
156 229 20
156 69 140
156 76 60
156 83 20
156 207 20
238 234 120
238 216 320
238 174 200
238 178 20
238 88 20
238 169 20
238 55 40
238 136 20
238 59 260
238 60 100
238 125 20
238 65 20
238 181 1620
238 182 40
238 67 60
238 184 20
238 115 60
238 140 20
238 116 20
238 71 20
238 128 120
238 203 20
238 164 40
238 72 40
238 143 20
238 165 120
238 230 40
238 190 20
238 95 900
238 120 40
238 194 40
238 149 80
238 166 60
238 151 40
238 158 20
238 82 20
238 196 1000
238 83 460
238 185 400
238 207 300
238 132 20
238 152 600
238 177 280
238 121 280
238 220 280
238 233 660
238 159 60
238 171 1040
234 216 420
234 174 3300
234 178 100
234 88 900
234 59 20
234 61 20
234 63 40
234 125 40
234 181 80
234 163 80
234 182 40
234 206 20
234 67 60
234 70 20
234 128 20
234 164 20
234 73 300
234 165 20
234 230 20
234 146 60
234 147 20
234 148 640
234 94 60
234 95 540
234 236 80
234 149 60
234 166 20
234 151 280
234 158 60
234 196 60
234 83 200
234 185 80
234 207 200
234 152 320
234 177 100
234 121 480
234 220 60
234 233 240
234 171 500
216 174 340
216 178 520
216 170 40
216 179 20
216 137 20
216 91 20
216 75 60
216 79 120
216 95 580
216 83 740
216 185 200
216 207 600
216 152 2160
216 84 20
216 177 300
216 121 620
216 220 1900
216 233 460
216 171 560
174 178 120
174 88 160
174 57 40
174 58 40
174 124 40
174 136 20
174 137 20
174 61 140
174 101 20
174 180 20
174 125 20
174 65 40
174 181 240
174 163 560
174 218 40
174 127 100
174 67 100
174 115 160
174 70 60
174 116 20
174 71 40
174 141 20
174 72 20
174 73 260
174 74 20
174 165 20
174 145 20
174 192 20
174 146 100
174 147 20
174 148 1180
174 94 620
174 95 200
174 120 20
174 236 140
174 149 3300
174 80 20
174 166 40
174 151 4280
174 158 60
174 83 140
174 185 260
174 207 1000
174 175 40
174 132 40
174 152 200
174 84 40
174 177 60
174 121 60
174 220 20
174 233 60
174 159 80
174 171 320
178 88 20
178 54 100
178 55 20
178 56 20
178 58 160
178 136 20
178 227 20
178 206 20
178 69 20
178 184 40
178 116 20
178 71 20
178 161 20
178 143 60
178 144 20
178 75 20
178 212 20
178 193 40
178 79 20
178 148 40
178 94 40
178 95 1200
178 83 600
178 185 2600
178 207 160
178 175 80
178 152 360
178 177 120
178 121 400
178 220 140
178 233 120
178 171 340
88 111 20
88 55 20
88 58 20
88 59 40
88 137 20
88 60 20
88 180 420
88 125 500
88 217 500
88 65 460
88 92 200
88 157 120
88 241 660
88 242 260
88 181 1060
88 183 340
88 226 240
88 127 340
88 208 20
88 67 460
88 77 20
88 94 1420
88 95 20
88 219 80
88 120 500
88 236 220
88 149 300
88 211 180
88 239 740
88 232 160
88 237 380
88 166 540
88 151 360
88 158 780
88 223 320
88 196 800
88 185 20
88 207 460
88 233 20
88 159 20
88 171 300
111 56 20
111 89 180
111 124 20
111 209 20
111 101 20
111 64 280
111 66 360
111 93 100
111 139 100
111 71 20
111 143 20
111 75 260
111 190 20
111 118 680
111 105 20
111 77 40
111 131 20
111 79 600
111 95 260
111 80 20
111 175 20
54 198 360
54 169 240
54 55 160
54 56 200
54 57 140
54 170 940
54 58 1440
54 124 2060
54 136 5420
54 179 380
54 209 120
54 90 120
54 59 180
54 176 80
54 137 160
54 60 120
54 61 180
54 101 760
54 62 400
54 65 20
54 102 40
54 126 20
54 66 20
54 183 20
54 127 20
54 93 200
54 206 20
54 67 20
54 184 80
54 115 20
54 70 20
54 71 1900
54 141 20
54 210 220
54 143 20
54 76 20
54 230 20
54 78 20
54 79 40
54 94 60
54 95 20
54 120 40
54 211 20
54 80 20
54 158 20
54 82 20
54 175 2860
54 84 120
54 159 380
198 169 540
198 55 860
198 56 180
198 57 1140
198 170 480
198 58 2100
198 124 220
198 136 900
198 179 1640
198 209 200
198 90 5440
198 59 800
198 176 620
198 137 660
198 60 3180
198 61 2040
198 101 540
198 62 420
198 125 20
198 93 540
198 71 100
198 210 1700
198 83 20
198 175 660
198 84 240
198 177 20
198 159 280
169 55 200
169 56 10220
169 57 700
169 170 660
169 58 400
169 124 1160
169 136 560
169 179 1040
169 209 500
169 90 340
169 59 1960
169 227 20
169 176 780
169 137 320
169 60 1720
169 61 300
169 101 560
169 62 9840
169 180 20
169 183 20
169 127 80
169 93 2260
169 160 60
169 213 60
169 71 620
169 203 20
169 103 20
169 210 2240
169 74 20
169 94 20
169 219 20
169 232 20
169 166 20
169 196 20
169 83 40
169 207 40
169 175 740
169 84 200
169 159 2280
55 56 700
55 57 1500
55 170 380
55 58 120
55 124 260
55 136 4040
55 179 720
55 209 140
55 90 800
55 59 560
55 176 420
55 137 2660
55 60 620
55 61 440
55 101 1320
55 62 720
55 65 40
55 163 20
55 66 60
55 93 1720
55 69 120
55 71 2120
55 210 680
55 72 20
55 73 20
55 105 40
55 131 20
55 79 2100
55 148 40
55 94 20
55 219 20
55 107 20
55 166 40
55 158 20
55 83 40
55 207 20
55 175 1100
55 84 680
55 233 40
55 159 60
55 171 40
56 57 4980
56 170 280
56 58 260
56 124 280
56 136 1340
56 179 220
56 209 720
56 90 640
56 59 460
56 227 20
56 176 260
56 137 300
56 60 1440
56 61 260
56 101 2380
56 62 3440
56 125 1640
56 64 20
56 65 40
56 112 20
56 102 20
56 182 20
56 66 120
56 114 80
56 183 20
56 127 40
56 229 40
56 93 1760
56 67 20
56 69 100
56 184 80
56 115 80
56 160 20
56 70 80
56 116 260
56 71 320
56 141 160
56 161 120
56 128 80
56 203 80
56 103 160
56 210 2040
56 72 40
56 129 40
56 74 60
56 144 280
56 75 60
56 230 40
56 118 20
56 200 20
56 105 160
56 131 40
56 79 80
56 147 20
56 148 40
56 106 20
56 94 20
56 219 20
56 120 40
56 107 60
56 194 40
56 80 40
56 239 20
56 232 20
56 166 280
56 158 460
56 196 20
56 83 40
56 175 360
56 132 40
56 84 4060
56 121 40
56 159 3920
57 170 1000
57 58 840
57 124 520
57 136 440
57 179 200
57 209 160
57 90 440
57 59 380
57 227 20
57 176 240
57 137 1240
57 60 11920
57 61 4040
57 101 1000
57 62 1060
57 63 40
57 180 60
57 125 20
57 102 100
57 218 40
57 113 100
57 182 20
57 66 20
57 226 20
57 127 80
57 229 20
57 93 960
57 67 60
57 69 20
57 184 40
57 115 760
57 70 20
57 71 1700
57 141 40
57 161 240
57 128 80
57 203 220
57 103 300
57 164 20
57 210 160
57 72 40
57 74 60
57 143 80
57 165 20
57 144 80
57 76 20
57 190 20
57 192 20
57 105 160
57 146 80
57 78 20
57 79 120
57 106 20
57 94 60
57 120 40
57 107 100
57 236 20
57 149 20
57 166 60
57 158 860
57 82 100
57 83 20
57 207 40
57 175 660
57 152 40
57 84 1180
57 121 120
57 159 1460
89 59 20
89 60 20
89 62 20
89 91 20
89 92 60
89 182 60
89 93 80
89 69 760
89 115 20
89 70 40
89 130 20
89 76 20
89 77 380
89 95 60
89 107 20
89 121 20
170 58 280
170 124 800
170 136 1040
170 179 580
170 209 80
170 90 140
170 59 300
170 176 80
170 137 1680
170 60 120
170 61 2100
170 101 340
170 62 520
170 125 20
170 65 20
170 188 20
170 226 20
170 189 20
170 127 20
170 93 360
170 71 600
170 210 220
170 144 20
170 200 80
170 95 40
170 219 40
170 166 20
170 196 20
170 83 20
170 175 420
170 84 120
170 177 20
170 233 20
170 159 420
58 124 1440
58 136 700
58 179 420
58 209 260
58 90 1860
58 59 340
58 176 1380
58 137 840
58 60 4920
58 61 360
58 101 360
58 62 1040
58 125 20
58 64 20
58 91 20
58 65 280
58 157 60
58 112 40
58 102 120
58 218 20
58 126 220
58 113 120
58 182 40
58 66 20
58 114 20
58 183 20
58 127 200
58 93 760
58 69 60
58 184 40
58 139 20
58 115 20
58 70 420
58 116 20
58 71 460
58 141 60
58 161 380
58 128 20
58 203 20
58 142 40
58 103 80
58 210 520
58 72 20
58 129 60
58 74 60
58 143 40
58 165 40
58 144 340
58 130 20
58 145 20
58 75 20
58 104 60
58 146 200
58 79 60
58 147 40
58 148 20
58 106 60
58 94 60
58 219 20
58 120 40
58 194 20
58 149 80
58 81 40
58 166 20
58 151 60
58 158 100
58 196 20
58 83 60
58 175 1280
58 132 20
58 152 80
58 84 320
58 121 400
58 233 20
58 159 260
124 136 900
124 209 920
124 90 60
124 59 1000
124 227 180
124 176 500
124 137 220
124 60 1140
124 61 620
124 101 660
124 62 340
124 63 60
124 180 20
124 65 40
124 157 60
124 112 1000
124 126 120
124 113 580
124 114 20
124 127 840
124 93 860
124 67 20
124 115 40
124 160 20
124 70 60
124 71 1980
124 141 20
124 161 80
124 117 20
124 210 80
124 72 20
124 74 120
124 143 40
124 165 140
124 144 920
124 145 20
124 131 40
124 120 80
124 149 80
124 232 20
124 151 280
124 158 420
124 83 20
124 175 760
124 132 20
124 152 40
124 84 320
124 121 200
124 159 420
136 179 2020
136 209 1040
136 90 180
136 59 2580
136 227 20
136 176 360
136 137 3100
136 60 1220
136 61 4780
136 101 600
136 62 760
136 125 660
136 64 20
136 65 40
136 112 60
136 102 40
136 113 20
136 182 20
136 66 140
136 226 40
136 127 20
136 229 20
136 93 700
136 184 60
136 139 20
136 115 100
136 160 40
136 70 60
136 116 40
136 71 720
136 141 20
136 161 20
136 128 60
136 117 120
136 203 20
136 103 80
136 210 800
136 74 700
136 165 220
136 144 60
136 75 20
136 146 80
136 131 60
136 79 40
136 147 20
136 106 60
136 94 40
136 95 60
136 120 20
136 107 20
136 81 40
136 166 60
136 158 20
136 83 60
136 185 20
136 207 20
136 175 2180
136 152 40
136 84 1900
136 121 20
136 159 500
179 209 300
179 90 40
179 59 120
179 227 20
179 176 120
179 137 2800
179 60 600
179 61 360
179 101 1880
179 62 420
179 63 20
179 112 20
179 66 20
179 127 20
179 93 580
179 160 20
179 71 660
179 210 980
179 143 20
179 219 40
179 194 20
179 211 20
179 83 20
179 207 20
179 175 4180
179 84 760
179 177 20
179 159 360
209 90 1220
209 59 140
209 176 540
209 137 260
209 60 520
209 61 240
209 101 1120
209 62 760
209 241 60
209 182 20
209 226 120
209 93 660
209 160 20
209 140 20
209 71 3760
209 210 300
209 79 20
209 94 40
209 158 40
209 175 2380
209 84 4800
209 159 360
90 59 260
90 176 6340
90 137 180
90 60 1660
90 61 180
90 101 520
90 62 420
90 180 60
90 65 20
90 241 160
90 226 20
90 93 300
90 67 100
90 184 20
90 71 140
90 210 980
90 147 20
90 232 100
90 166 20
90 158 20
90 83 20
90 175 40
90 84 120
90 121 20
90 159 340
59 176 120
59 137 4340
59 60 520
59 61 1400
59 101 1320
59 62 1620
59 63 60
59 125 100
59 64 100
59 65 20
59 92 20
59 112 160
59 126 20
59 66 120
59 183 280
59 226 20
59 93 900
59 67 20
59 184 400
59 115 60
59 70 40
59 116 20
59 71 780
59 141 320
59 161 20
59 128 20
59 203 120
59 210 2500
59 72 20
59 74 620
59 130 60
59 75 40
59 118 20
59 105 20
59 131 100
59 79 40
59 147 40
59 106 500
59 107 20
59 236 20
59 149 20
59 80 260
59 239 20
59 81 60
59 166 80
59 151 20
59 158 560
59 175 540
59 132 40
59 152 60
59 84 1980
59 121 40
59 159 380
227 60 100
227 62 20
227 63 260
227 91 400
227 92 140
227 138 440
227 241 20
227 163 100
227 218 880
227 126 20
227 182 780
227 114 720
227 235 60
227 228 80
227 188 120
227 189 40
227 229 340
227 206 200
227 184 20
227 115 20
227 128 60
227 72 80
227 74 20
227 165 20
227 145 460
227 190 140
227 192 20
227 146 20
227 193 20
227 78 20
227 147 200
227 107 20
227 194 140
227 239 20
227 232 40
227 82 20
227 196 40
227 132 40
227 84 20
227 159 80
176 137 100
176 60 1620
176 61 180
176 101 40
176 62 220
176 112 20
176 93 180
176 139 20
176 115 20
176 71 1160
176 210 780
176 194 20
176 232 60
176 207 20
176 175 80
176 84 40
176 177 40
176 159 1340
137 60 720
137 61 720
137 101 2240
137 62 600
137 180 40
137 125 40
137 65 1840
137 102 540
137 126 80
137 66 60
137 127 20
137 93 2700
137 67 20
137 69 20
137 184 40
137 115 480
137 70 400
137 71 680
137 128 20
137 203 20
137 142 40
137 103 1280
137 210 80
137 74 60
137 130 20
137 145 20
137 231 20
137 118 20
137 146 660
137 131 40
137 219 20
137 194 20
137 151 40
137 158 40
137 196 20
137 83 120
137 207 20
137 175 1100
137 132 20
137 152 60
137 84 2620
137 121 20
137 233 20
137 159 360
60 61 760
60 101 880
60 62 140
60 63 20
60 180 20
60 125 40
60 112 80
60 102 60
60 218 20
60 126 20
60 182 20
60 66 20
60 127 60
60 93 980
60 67 20
60 184 700
60 115 1680
60 160 80
60 70 380
60 71 780
60 141 380
60 128 40
60 203 200
60 103 20
60 164 20
60 210 180
60 74 40
60 165 100
60 145 100
60 190 40
60 146 20
60 131 20
60 79 300
60 147 40
60 106 20
60 95 20
60 120 40
60 149 60
60 151 80
60 158 1180
60 82 20
60 83 20
60 185 20
60 207 40
60 175 260
60 132 80
60 84 320
60 121 40
60 159 6180
60 171 40
61 101 220
61 62 220
61 63 80
61 125 40
61 64 20
61 217 20
61 92 20
61 157 20
61 112 140
61 163 20
61 66 80
61 183 20
61 93 320
61 67 20
61 115 20
61 70 1160
61 71 120
61 128 60
61 142 300
61 103 20
61 210 1180
61 74 20
61 165 200
61 130 80
61 131 40
61 94 280
61 107 20
61 80 20
61 81 40
61 166 60
61 151 100
61 158 100
61 83 20
61 175 400
61 152 1300
61 84 280
61 121 40
61 220 20
61 159 100
101 62 6040
101 63 40
101 180 40
101 125 60
101 64 20
101 65 40
101 92 20
101 112 40
101 163 20
101 218 20
101 126 40
101 113 20
101 66 120
101 114 40
101 183 160
101 235 20
101 127 80
101 93 3320
101 67 40
101 69 20
101 184 1720
101 115 160
101 160 100
101 70 380
101 140 20
101 116 220
101 71 1500
101 141 1560
101 161 80
101 128 20
101 142 20
101 103 80
101 210 440
101 72 40
101 73 40
101 129 60
101 74 860
101 165 40
101 144 220
101 145 20
101 104 40
101 118 20
101 146 60
101 78 40
101 79 160
101 147 60
101 148 80
101 106 20
101 94 100
101 95 20
101 120 20
101 194 20
101 80 20
101 239 60
101 196 20
101 83 40
101 207 20
101 175 1200
101 132 20
101 152 40
101 84 10420
101 220 20
101 159 340
62 180 20
62 125 40
62 64 420
62 65 20
62 241 100
62 102 40
62 163 20
62 218 20
62 126 40
62 113 40
62 66 80
62 93 2420
62 69 80
62 160 200
62 70 100
62 116 240
62 71 540
62 161 1680
62 103 640
62 210 420
62 72 60
62 73 40
62 74 140
62 165 20
62 144 640
62 130 40
62 75 60
62 230 20
62 146 40
62 78 100
62 79 120
62 147 740
62 106 1260
62 94 60
62 95 20
62 120 840
62 80 780
62 239 20
62 166 60
62 151 40
62 158 20
62 196 20
62 175 740
62 152 20
62 84 2120
62 121 880
62 159 280
63 125 60
63 64 20
63 91 2880
63 65 380
63 92 340
63 112 20
63 138 440
63 163 100
63 218 600
63 126 40
63 113 20
63 182 220
63 66 340
63 114 380
63 235 120
63 188 20
63 226 20
63 189 20
63 229 140
63 93 20
63 208 80
63 206 200
63 115 40
63 160 40
63 70 20
63 140 1000
63 116 60
63 71 20
63 141 20
63 161 620
63 128 200
63 142 20
63 164 140
63 72 440
63 74 60
63 165 100
63 130 40
63 230 20
63 190 200
63 104 20
63 118 100
63 146 120
63 78 240
63 131 60
63 79 20
63 147 40
63 148 80
63 106 40
63 94 40
63 219 40
63 120 60
63 107 80
63 194 420
63 149 60
63 80 80
63 239 20
63 81 20
63 166 20
63 158 100
63 82 20
63 207 60
63 132 20
63 152 20
63 84 200
63 121 120
180 125 760
180 217 480
180 65 140
180 157 40
180 112 1360
180 242 20
180 181 400
180 218 80
180 126 20
180 183 160
180 228 20
180 226 160
180 127 1020
180 67 4860
180 70 20
180 140 20
180 116 480
180 71 100
180 142 40
180 103 20
180 144 100
180 130 40
180 104 20
180 146 20
180 94 320
180 95 20
180 219 5040
180 120 80
180 236 140
180 149 200
180 211 60
180 239 100
180 232 1680
180 237 160
180 166 280
180 151 8480
180 158 320
180 223 320
180 196 40
180 152 20
180 84 20
180 159 40
125 217 40
125 65 360
125 157 80
125 112 40
125 241 3860
125 102 40
125 181 240
125 163 40
125 218 20
125 113 20
125 66 20
125 183 420
125 228 20
125 226 180
125 127 540
125 206 60
125 67 700
125 184 160
125 115 240
125 70 20
125 140 200
125 71 80
125 141 20
125 161 100
125 128 80
125 203 40
125 164 20
125 72 40
125 73 20
125 74 20
125 143 20
125 165 180
125 130 40
125 146 140
125 78 520
125 148 120
125 94 580
125 219 140
125 120 480
125 236 220
125 194 280
125 149 640
125 211 260
125 239 340
125 232 2800
125 237 360
125 166 3220
125 151 540
125 158 980
125 82 20
125 223 120
125 196 180
125 83 160
125 207 20
125 132 20
125 152 180
125 84 1280
125 121 160
125 159 20
125 171 20
64 112 40
64 66 140
64 208 20
64 139 20
64 70 20
64 140 40
64 75 1700
64 104 20
64 118 280
64 105 20
64 146 20
64 131 20
64 79 740
64 106 800
64 94 480
64 107 20
64 80 1820
64 81 20
64 151 40
64 158 20
64 152 20
64 121 80
217 65 600
217 157 80
217 241 320
217 242 380
217 181 680
217 183 80
217 226 300
217 127 880
217 67 260
217 94 10020
217 95 40
217 219 100
217 120 40
217 236 260
217 149 11540
217 211 20
217 239 420
217 232 200
217 237 120
217 166 460
217 151 700
217 158 700
217 223 560
217 196 300
91 65 60
91 92 300
91 138 320
91 102 80
91 163 40
91 218 20
91 126 20
91 113 60
91 182 900
91 114 1320
91 235 120
91 228 240
91 226 20
91 229 180
91 208 40
91 69 20
91 184 20
91 160 20
91 140 20
91 116 20
91 71 40
91 72 20
91 73 620
91 74 20
91 130 460
91 76 20
91 190 20
91 192 40
91 200 940
91 146 160
91 78 20
91 147 500
91 148 200
91 95 20
91 120 40
91 149 20
91 237 40
91 82 40
91 196 20
91 207 120
91 132 220
91 84 40
91 233 20
91 171 20
65 157 400
65 112 60
65 241 220
65 102 400
65 242 120
65 181 300
65 218 60
65 126 20
65 113 120
65 66 20
65 183 780
65 226 660
65 189 100
65 127 5120
65 206 20
65 67 340
65 184 20
65 115 20
65 160 20
65 70 200
65 140 20
65 71 20
65 141 60
65 161 1240
65 103 760
65 164 20
65 210 20
65 72 440
65 73 20
65 129 20
65 74 20
65 165 60
65 144 20
65 130 180
65 75 20
65 76 20
65 190 40
65 104 20
65 200 20
65 146 1620
65 78 180
65 131 40
65 79 20
65 147 100
65 148 20
65 94 900
65 95 20
65 219 160
65 120 1500
65 107 20
65 236 3320
65 194 20
65 149 320
65 211 400
65 80 20
65 239 380
65 232 60
65 237 880
65 166 620
65 151 280
65 158 620
65 82 40
65 223 300
65 196 140
65 83 80
65 207 140
65 132 80
65 152 640
65 84 40
65 121 960
65 159 40
65 171 40
92 138 320
92 163 80
92 218 60
92 126 60
92 182 100
92 114 300
92 183 20
92 235 360
92 228 100
92 188 40
92 189 60
92 229 320
92 93 100
92 208 800
92 206 20
92 72 60
92 73 20
92 130 40
92 190 60
92 200 20
92 146 60
92 78 120
92 147 140
92 148 20
92 95 160
92 107 20
92 194 60
92 132 120
92 177 20
157 241 100
157 102 20
157 181 100
157 163 40
157 183 600
157 226 40
157 127 480
157 67 20
157 184 20
157 70 20
157 72 60
157 144 680
157 146 20
157 148 40
157 94 320
157 219 120
157 120 220
157 236 20
157 149 100
157 211 120
157 232 60
157 237 160
157 166 100
157 158 520
157 223 120
157 196 20
157 83 320
157 132 20
157 152 140
157 121 340
112 102 20
112 163 20
112 113 40
112 183 20
112 228 20
112 188 20
112 127 240
112 93 20
112 67 420
112 184 400
112 139 140
112 115 60
112 160 4260
112 213 180
112 70 640
112 116 1460
112 71 520
112 141 160
112 161 760
112 128 400
112 117 300
112 203 280
112 142 1020
112 103 280
112 164 320
112 129 260
112 74 1760
112 143 320
112 165 700
112 144 220
112 145 220
112 76 180
112 230 20
112 146 40
112 131 20
112 147 20
112 106 20
112 120 40
112 194 20
112 149 80
112 80 40
112 151 140
112 158 80
112 83 40
112 207 20
112 132 60
112 224 20
112 84 60
112 121 80
138 102 160
138 163 40
138 126 80
138 113 20
138 182 1880
138 114 240
138 235 60
138 228 20
138 188 20
138 189 280
138 229 340
138 208 200
138 70 20
138 140 40
138 141 20
138 117 20
138 72 20
138 73 20
138 74 20
138 190 220
138 212 20
138 192 20
138 200 40
138 146 220
138 78 20
138 236 20
138 194 160
138 196 20
138 83 20
241 181 320
241 163 20
241 218 40
241 183 40
241 226 1060
241 127 260
241 229 20
241 67 1880
241 94 320
241 219 200
241 120 500
241 236 240
241 194 20
241 149 280
241 211 6300
241 239 240
241 232 320
241 237 220
241 166 120
241 151 160
241 158 560
241 223 380
241 196 80
102 163 660
102 218 240
102 126 180
102 113 2060
102 182 20
102 114 100
102 183 40
102 235 460
102 228 200
102 188 160
102 189 80
102 127 20
102 229 280
102 208 100
102 206 120
102 184 20
102 115 20
102 160 20
102 140 480
102 116 20
102 161 180
102 103 340
102 72 600
102 73 260
102 129 20
102 144 80
102 130 1580
102 76 20
102 231 120
102 190 260
102 192 40
102 118 20
102 200 300
102 146 3040
102 78 320
102 147 320
102 148 180
102 94 20
102 120 40
102 194 320
102 149 40
102 151 40
102 83 20
102 207 20
102 132 280
102 152 80
102 84 20
102 121 280
242 181 100
242 183 20
242 226 3600
242 127 340
242 67 100
242 94 80
242 219 40
242 120 60
242 236 20
242 149 20
242 239 360
242 232 40
242 237 20
242 166 40
242 151 440
242 158 160
242 223 20
242 196 440
181 183 260
181 226 20
181 127 400
181 229 20
181 67 1180
181 115 20
181 70 60
181 128 620
181 203 40
181 72 20
181 165 560
181 105 20
181 146 40
181 78 20
181 147 20
181 148 120
181 94 420
181 219 40
181 120 2720
181 236 940
181 149 1300
181 211 120
181 239 820
181 232 280
181 237 220
181 166 7100
181 151 800
181 158 800
181 223 1160
181 196 160
181 83 40
181 207 100
181 152 80
181 121 80
181 159 40
181 171 2020
163 218 2980
163 126 20
163 113 620
163 182 80
163 114 140
163 183 20
163 228 280
163 188 20
163 189 340
163 208 500
163 206 5780
163 67 60
163 69 40
163 184 20
163 140 180
163 116 20
163 161 20
163 128 40
163 117 60
163 164 40
163 72 600
163 73 1220
163 129 40
163 165 100
163 130 900
163 231 300
163 190 1660
163 192 600
163 200 280
163 146 1880
163 78 400
163 131 20
163 79 20
163 147 220
163 148 2620
163 94 40
163 219 20
163 236 40
163 194 2960
163 149 40
163 80 20
163 81 20
163 166 20
163 195 20
163 151 1560
163 158 140
163 82 20
163 132 280
163 152 40
163 121 100
163 171 20
218 126 660
218 113 20
218 182 220
218 114 20
218 183 20
218 228 1340
218 188 360
218 189 40
218 127 40
218 208 400
218 206 1540
218 67 20
218 184 20
218 115 60
218 160 20
218 70 860
218 140 180
218 71 40
218 141 60
218 161 20
218 128 60
218 72 740
218 73 120
218 129 20
218 74 20
218 165 40
218 144 20
218 130 860
218 145 40
218 231 60
218 190 1080
218 192 160
218 200 120
218 146 1240
218 78 160
218 131 40
218 79 20
218 147 640
218 148 1060
218 94 160
218 120 60
218 194 440
218 151 640
218 158 100
218 83 20
218 132 1680
218 152 120
218 84 20
218 121 40
126 113 120
126 66 20
126 183 20
126 228 40
126 188 2820
126 189 80
126 208 700
126 206 100
126 67 40
126 184 20
126 115 40
126 160 40
126 70 80
126 140 500
126 116 20
126 71 20
126 161 20
126 203 120
126 142 40
126 103 40
126 72 300
126 73 120
126 74 20
126 143 40
126 165 40
126 130 5100
126 145 20
126 231 620
126 190 340
126 192 160
126 118 20
126 119 20
126 200 480
126 146 240
126 78 2300
126 147 660
126 148 180
126 106 20
126 94 400
126 120 80
126 194 580
126 166 20
126 151 20
126 158 40
126 83 540
126 207 20
126 132 1060
126 152 80
126 84 40
126 159 20
113 182 20
113 114 20
113 235 20
113 228 100
113 188 20
113 189 440
113 127 180
113 229 140
113 208 260
113 206 140
113 67 20
113 115 20
113 140 200
113 116 100
113 203 20
113 72 120
113 73 220
113 143 20
113 144 660
113 130 160
113 231 40
113 190 180
113 192 3200
113 200 120
113 146 2080
113 78 180
113 147 140
113 148 180
113 106 40
113 94 20
113 120 20
113 194 200
113 158 20
113 83 20
113 132 140
113 152 100
113 121 180
182 114 3100
182 235 320
182 228 80
182 188 20
182 189 20
182 229 260
182 208 20
182 206 40
182 160 20
182 70 20
182 140 20
182 71 20
182 141 20
182 128 20
182 164 20
182 72 40
182 73 20
182 74 20
182 130 80
182 145 40
182 76 40
182 190 20
182 104 20
182 119 40
182 200 40
182 146 80
182 78 20
182 147 400
182 148 40
182 194 80
182 150 40
182 81 20
182 195 20
182 196 20
182 132 120
182 177 20
182 121 20
66 183 20
66 206 20
66 115 40
66 140 220
66 116 20
66 71 140
66 203 20
66 210 20
66 72 40
66 165 40
66 144 20
66 130 20
66 75 800
66 76 80
66 190 20
66 104 20
66 118 6260
66 146 20
66 131 20
66 79 260
66 147 40
66 106 480
66 94 140
66 95 20
66 120 20
66 107 40
66 149 20
66 80 180
66 81 80
66 158 20
66 82 20
66 83 20
66 185 40
66 132 20
66 84 100
66 159 40
114 235 180
114 228 20
114 189 40
114 229 580
114 208 40
114 206 20
114 115 20
114 160 20
114 140 140
114 142 20
114 164 20
114 72 100
114 73 20
114 74 20
114 144 20
114 190 40
114 200 60
114 146 280
114 78 60
114 147 20
114 148 920
114 194 40
114 81 20
114 132 20
183 189 20
183 127 40
183 206 40
183 67 120
183 184 60
183 115 20
183 160 20
183 70 40
183 141 320
183 128 40
183 72 200
183 74 280
183 143 20
183 165 40
183 130 20
183 145 20
183 192 20
183 146 20
183 78 20
183 147 60
183 94 80
183 219 120
183 120 720
183 236 60
183 149 140
183 211 140
183 80 40
183 232 40
183 237 360
183 166 560
183 151 2240
183 158 3000
183 223 1820
183 196 280
183 83 60
183 207 40
183 132 20
183 152 320
183 84 40
183 121 460
183 171 100
235 228 60
235 208 120
235 206 160
235 145 20
235 76 20
235 190 20
235 119 20
235 78 20
235 80 20
235 150 20
235 82 20
235 121 40
228 188 1640
228 189 360
228 229 120
228 208 380
228 206 320
228 69 20
228 160 20
228 140 240
228 72 1880
228 73 200
228 130 180
228 190 100
228 192 160
228 200 220
228 146 360
228 78 140
228 147 180
228 148 760
228 194 200
228 207 20
228 132 3800
188 189 180
188 229 180
188 208 360
188 206 140
188 70 20
188 140 40
188 128 60
188 210 20
188 72 2620
188 73 80
188 129 40
188 74 20
188 143 40
188 130 480
188 145 20
188 231 780
188 190 200
188 192 180
188 200 60
188 146 320
188 78 760
188 147 40
188 148 140
188 194 500
188 185 40
188 132 1660
226 127 740
226 67 160
226 94 300
226 219 100
226 120 120
226 236 520
226 149 60
226 239 4060
226 232 860
226 237 20
226 166 160
226 151 200
226 158 260
226 223 160
226 196 80
226 175 20
226 159 20
189 229 160
189 208 100
189 206 60
189 160 20
189 70 20
189 140 1200
189 116 20
189 141 20
189 72 420
189 73 80
189 129 20
189 74 20
189 130 420
189 76 20
189 231 20
189 190 540
189 191 40
189 192 920
189 199 20
189 119 20
189 200 160
189 105 20
189 146 240
189 78 120
189 147 400
189 148 320
189 107 20
189 194 360
189 132 480
189 177 20
189 233 80
189 171 20
127 67 1160
127 184 60
127 115 60
127 140 20
127 116 80
127 71 40
127 141 40
127 74 20
127 165 120
127 144 1600
127 146 20
127 147 20
127 94 520
127 219 80
127 120 220
127 236 180
127 149 1280
127 211 340
127 239 580
127 232 180
127 237 600
127 81 40
127 166 2880
127 151 960
127 158 280
127 82 20
127 223 500
127 196 1040
127 132 20
127 84 120
127 159 60
229 140 120
229 71 20
229 141 40
229 210 20
229 72 200
229 129 20
229 231 20
229 190 40
229 146 140
229 78 40
229 148 40
229 219 20
229 194 20
229 149 20
229 196 20
229 84 40
93 67 20
93 139 80
93 115 20
93 116 20
93 71 840
93 128 300
93 210 400
93 129 280
93 74 120
93 165 40
93 145 40
93 76 20
93 146 20
93 77 20
93 147 20
93 148 20
93 95 440
93 166 40
93 175 840
93 152 20
93 84 1940
93 121 20
93 159 340
208 206 300
208 139 40
208 140 860
208 161 20
208 72 340
208 73 260
208 130 580
208 231 260
208 190 520
208 192 380
208 118 20
208 200 280
208 146 340
208 78 800
208 147 1520
208 148 440
208 95 60
208 194 360
208 80 20
208 132 400
206 140 120
206 161 20
206 128 80
206 103 20
206 72 140
206 73 1100
206 129 20
206 165 60
206 130 380
206 145 20
206 231 80
206 190 540
206 192 700
206 119 20
206 200 560
206 146 1660
206 78 1700
206 131 20
206 147 220
206 148 320
206 94 40
206 219 20
206 120 60
206 194 660
206 149 20
206 80 20
206 151 760
206 196 20
206 83 80
206 185 20
206 207 20
206 132 80
206 121 40
206 220 20
67 115 180
67 70 640
67 140 20
67 116 840
67 128 20
67 164 80
67 72 20
67 73 60
67 143 20
67 165 40
67 144 100
67 130 20
67 190 20
67 104 20
67 146 20
67 147 20
67 148 20
67 106 20
67 94 200
67 219 120
67 120 320
67 236 1940
67 149 460
67 211 4300
67 80 20
67 239 340
67 232 900
67 237 2900
67 166 380
67 151 540
67 158 680
67 223 160
67 196 680
67 83 60
67 185 20
67 207 3280
67 152 40
67 121 60
67 171 100
68 77 40
69 71 80
69 72 180
69 73 20
69 190 100
69 105 20
69 78 160
69 131 20
69 79 140
69 148 40
69 107 40
69 236 20
69 80 20
69 81 40
69 132 60
69 84 20
184 139 180
184 115 460
184 160 380
184 213 120
184 70 580
184 140 20
184 116 620
184 71 20
184 141 1920
184 161 480
184 128 1080
184 117 100
184 203 520
184 142 120
184 103 120
184 164 640
184 72 40
184 129 960
184 74 2020
184 143 240
184 165 60
184 144 400
184 130 20
184 145 240
184 76 200
184 230 180
184 119 20
184 105 40
184 146 100
184 193 20
184 78 40
184 148 20
184 107 20
184 81 20
184 158 60
184 132 60
184 152 60
184 84 120
184 177 20
184 121 80
184 220 20
184 159 120
139 115 120
139 160 60
139 213 140
139 70 520
139 116 20
139 161 140
139 128 160
139 117 60
139 203 100
139 142 120
139 164 60
139 129 240
139 74 80
139 143 120
139 165 100
139 144 180
139 145 20
139 76 100
139 105 20
139 107 40
139 175 60
139 152 20
139 159 20
115 160 420
115 213 980
115 70 1780
115 140 160
115 116 120
115 71 440
115 141 220
115 161 700
115 128 2420
115 117 100
115 203 160
115 142 520
115 103 180
115 164 800
115 72 80
115 73 20
115 129 1220
115 74 300
115 143 3140
115 165 120
115 144 2820
115 130 60
115 145 780
115 76 200
115 230 180
115 190 20
115 104 40
115 192 60
115 119 40
115 105 20
115 146 80
115 78 160
115 147 40
115 148 20
115 94 460
115 120 20
115 236 20
115 194 960
115 149 20
115 150 40
115 81 20
115 166 360
115 151 140
115 158 640
115 196 40
115 83 40
115 207 60
115 132 220
115 84 100
115 177 40
115 121 180
115 159 2420
115 171 20
160 213 240
160 70 520
160 116 1420
160 141 460
160 161 1940
160 128 260
160 117 820
160 203 220
160 142 460
160 103 1620
160 164 240
160 129 620
160 74 1840
160 143 620
160 165 1020
160 144 440
160 145 380
160 76 600
160 230 160
160 190 40
160 104 20
160 199 20
160 105 20
160 146 60
160 193 20
160 78 80
160 204 20
160 147 20
160 106 40
160 120 20
160 107 40
160 194 60
160 80 20
160 81 20
160 166 20
160 195 20
160 82 40
160 207 20
160 152 40
160 220 20
213 70 120
213 116 180
213 141 480
213 128 2280
213 117 620
213 203 100
213 142 160
213 103 100
213 164 80
213 129 100
213 74 60
213 143 80
213 165 120
213 144 60
213 145 1580
213 76 400
213 231 20
213 106 20
213 151 20
213 185 20
213 132 20
70 140 20
70 116 280
70 141 420
70 161 1040
70 128 220
70 117 140
70 203 140
70 142 160
70 103 420
70 164 180
70 72 60
70 129 1980
70 74 220
70 143 900
70 165 200
70 144 340
70 130 40
70 145 180
70 76 120
70 230 140
70 190 40
70 104 80
70 191 20
70 192 40
70 199 20
70 119 20
70 200 40
70 105 20
70 146 40
70 78 60
70 204 20
70 79 100
70 94 760
70 120 20
70 107 20
70 236 400
70 194 60
70 149 120
70 80 20
70 81 20
70 166 20
70 151 40
70 158 60
70 196 440
70 83 20
70 207 1340
70 175 20
70 132 60
70 152 1080
70 84 100
70 177 20
70 121 20
70 233 20
70 159 140
70 171 20
140 71 20
140 128 20
140 72 320
140 73 220
140 129 20
140 143 20
140 144 20
140 130 700
140 231 20
140 190 160
140 191 20
140 192 1160
140 118 60
140 200 180
140 105 20
140 146 520
140 78 1460
140 131 20
140 79 20
140 147 740
140 148 260
140 106 20
140 94 20
140 95 80
140 194 520
140 81 20
140 166 940
140 158 40
140 83 160
140 207 160
140 175 20
140 132 740
140 177 20
140 233 40
140 159 20
116 71 140
116 141 80
116 161 160
116 128 520
116 117 880
116 203 460
116 142 860
116 103 780
116 164 200
116 210 20
116 72 40
116 73 20
116 129 380
116 74 500
116 143 180
116 165 100
116 144 2120
116 130 20
116 145 280
116 75 20
116 76 400
116 230 320
116 105 20
116 146 20
116 78 40
116 147 200
116 148 20
116 94 20
116 95 20
116 120 40
116 149 160
116 166 20
116 196 60
116 83 300
116 152 400
116 84 400
116 177 40
116 121 20
71 161 20
71 128 20
71 203 40
71 103 60
71 210 1040
71 72 20
71 74 20
71 165 20
71 144 60
71 130 40
71 75 100
71 118 40
71 105 40
71 131 40
71 79 80
71 106 160
71 94 20
71 219 80
71 120 20
71 107 40
71 149 20
71 80 120
71 81 80
71 151 80
71 158 1120
71 82 40
71 223 20
71 83 100
71 207 20
71 175 4700
71 152 80
71 84 940
71 177 660
71 121 20
71 233 100
71 159 1040
71 171 40
141 161 760
141 128 160
141 117 960
141 203 3860
141 142 460
141 103 120
141 164 120
141 129 440
141 74 960
141 143 220
141 165 660
141 144 480
141 130 40
141 145 300
141 76 420
141 230 20
141 199 20
141 204 20
141 79 20
141 147 20
141 148 20
141 94 20
141 149 40
141 151 80
141 158 60
141 196 20
141 83 40
141 132 20
141 152 40
141 84 40
141 121 20
141 159 80
161 128 340
161 117 20
161 203 40
161 142 380
161 103 720
161 164 60
161 72 1180
161 73 60
161 129 220
161 74 2540
161 143 320
161 165 520
161 144 260
161 145 80
161 76 260
161 190 20
161 104 20
161 191 20
161 192 20
161 146 320
161 193 20
161 78 20
161 79 20
161 147 660
161 148 80
161 94 100
161 120 900
161 194 20
161 149 20
161 80 20
161 166 60
161 195 20
161 151 20
161 158 40
161 82 20
161 207 40
161 132 60
161 152 240
161 121 1300
161 159 40
128 117 380
128 203 120
128 142 240
128 103 140
128 164 720
128 72 140
128 73 420
128 129 1120
128 74 300
128 143 220
128 165 1660
128 144 520
128 130 20
128 145 1020
128 76 1320
128 231 20
128 190 40
128 192 20
128 200 60
128 146 20
128 78 160
128 204 20
128 147 60
128 148 720
128 106 40
128 107 20
128 236 20
128 194 80
128 80 160
128 166 20
128 158 20
128 196 20
128 83 20
128 185 20
128 207 60
128 132 20
128 224 40
128 152 100
128 84 20
128 121 20
128 159 80
128 171 220
117 203 200
117 142 460
117 103 120
117 164 200
117 129 120
117 74 160
117 143 20
117 165 320
117 144 140
117 145 260
117 76 200
117 230 20
117 185 20
117 159 20
203 142 920
203 103 1340
203 164 160
203 210 40
203 72 20
203 73 40
203 129 440
203 74 980
203 143 280
203 165 180
203 144 360
203 130 500
203 145 120
203 76 1240
203 230 80
203 192 40
203 146 20
203 95 20
203 107 20
203 80 20
203 158 40
203 82 60
203 83 460
203 132 460
203 84 20
203 220 20
203 233 20
142 103 2060
142 164 220
142 72 20
142 129 140
142 74 200
142 143 300
142 165 340
142 144 280
142 145 280
142 76 240
142 230 360
142 190 20
142 104 20
142 194 20
142 81 20
142 185 20
142 152 40
142 159 60
103 164 120
103 129 420
103 74 960
103 143 400
103 165 1500
103 144 420
103 145 200
103 76 200
103 230 120
103 104 80
103 191 20
103 105 80
103 146 180
103 193 20
103 78 20
103 79 40
103 147 20
103 94 40
103 107 100
103 201 40
103 150 20
103 81 20
103 151 20
103 158 60
103 82 80
103 83 20
103 132 60
103 152 20
103 84 20
164 72 120
164 129 180
164 74 120
164 143 980
164 165 140
164 144 640
164 145 320
164 76 160
164 230 80
164 200 40
164 78 80
164 147 100
164 148 20
164 194 80
164 166 20
164 158 40
164 83 80
164 207 80
164 132 20
164 152 20
164 177 20
164 159 20
210 143 20
210 219 20
210 120 20
210 166 20
210 207 20
210 175 160
210 132 20
210 84 40
210 220 40
210 159 2880
210 171 40
72 73 60
72 129 60
72 143 20
72 130 600
72 76 40
72 231 60
72 190 640
72 104 20
72 192 120
72 118 40
72 200 300
72 105 460
72 146 600
72 78 4580
72 131 900
72 79 40
72 147 420
72 148 500
72 106 20
72 94 60
72 120 60
72 107 140
72 236 20
72 194 260
72 80 40
72 81 60
72 166 100
72 151 20
72 158 20
72 82 100
72 83 100
72 175 20
72 132 1000
72 152 120
72 84 20
72 121 60
72 220 20
73 129 20
73 165 40
73 144 20
73 130 240
73 145 20
73 231 20
73 190 160
73 192 420
73 119 20
73 200 2440
73 146 240
73 78 700
73 147 160
73 148 1920
73 94 60
73 120 40
73 194 2520
73 80 20
73 151 320
73 196 40
73 83 20
73 207 140
73 175 20
73 132 100
73 152 40
73 84 20
73 121 40
129 74 1940
129 143 880
129 165 280
129 144 940
129 145 980
129 76 660
129 230 120
129 231 20
129 192 40
129 119 20
129 146 20
129 193 20
129 78 20
129 204 40
129 107 20
129 194 20
129 195 40
129 202 20
129 83 20
129 175 20
129 132 20
129 84 40
129 177 20
129 121 20
129 233 20
74 143 100
74 165 180
74 144 580
74 130 40
74 145 400
74 76 120
74 230 40
74 78 20
74 204 20
74 94 20
74 95 20
74 201 20
74 195 20
74 82 20
74 152 40
74 84 40
74 121 20
74 171 20
143 165 260
143 144 1200
143 145 1340
143 76 120
143 230 40
143 192 40
143 119 40
143 105 20
143 146 40
143 78 60
143 79 20
143 94 60
143 194 20
143 149 20
143 202 20
143 83 20
143 207 20
143 175 120
143 152 80
143 121 40
143 233 20
143 171 20
165 144 160
165 130 60
165 145 120
165 76 220
165 230 40
165 146 120
165 204 20
165 79 60
165 147 60
165 148 140
165 106 20
165 94 660
165 120 180
165 236 20
165 194 80
165 149 20
165 80 140
165 166 40
165 158 220
165 83 80
165 132 80
165 224 20
165 152 140
165 84 80
165 121 280
165 159 180
165 171 360
144 145 380
144 76 600
144 230 80
144 200 60
144 146 20
144 78 20
144 94 20
144 120 20
144 166 20
144 151 20
144 158 40
144 196 20
144 132 20
144 152 20
144 84 100
130 145 20
130 76 20
130 231 560
130 190 400
130 192 540
130 200 340
130 146 1500
130 78 580
130 147 1160
130 148 320
130 106 40
130 94 400
130 95 20
130 120 40
130 194 1700
130 149 20
130 80 20
130 150 20
130 166 80
130 158 80
130 196 60
130 83 180
130 207 40
130 132 1220
130 152 80
130 84 40
130 121 40
130 233 20
145 76 980
145 230 20
145 192 20
145 118 20
145 204 40
145 106 20
145 194 20
145 150 20
145 166 20
145 158 20
75 104 840
75 118 220
75 146 20
75 131 20
75 79 700
75 106 360
75 94 40
75 107 20
75 80 280
75 158 20
75 83 20
75 84 80
76 230 100
76 104 20
76 212 20
76 192 20
76 199 40
76 193 40
76 78 60
76 131 20
76 204 40
76 147 20
76 148 60
76 106 20
76 120 20
76 107 20
76 194 20
76 150 40
76 81 20
76 202 20
76 82 20
76 121 40
76 171 20
230 147 60
230 94 20
231 190 80
231 192 100
231 200 1640
231 146 80
231 78 340
231 147 800
231 148 160
231 95 20
231 194 1220
231 80 20
231 132 60
190 192 60
190 200 80
190 146 1820
190 78 560
190 147 380
190 148 860
190 94 840
190 219 20
190 236 40
190 194 2160
190 80 20
190 158 40
190 82 20
190 132 140
190 121 120
104 222 3520
104 191 200
104 199 180
104 119 40
104 105 2080
104 146 20
104 193 300
104 78 20
104 131 320
104 204 180
104 79 1720
104 147 20
104 106 1220
104 95 20
104 107 300
104 201 120
104 80 500
104 150 340
104 81 60
104 195 460
104 202 200
104 82 160
104 132 20
104 224 40
104 233 20
222 191 40
222 212 60
222 199 60
222 119 60
222 105 160
222 193 20
222 131 300
222 204 20
222 106 760
222 107 160
222 201 60
222 80 120
222 150 40
222 195 20
222 202 20
222 82 20
191 212 60
191 199 160
191 119 1020
191 105 20
191 193 40
191 204 440
191 148 20
191 106 100
191 201 260
191 80 160
191 150 680
191 81 80
191 195 160
191 202 180
191 82 180
191 224 20
212 192 20
212 199 80
212 119 180
212 105 140
212 193 160
212 131 440
212 204 60
212 106 100
212 107 180
212 201 80
212 80 20
212 150 2620
212 81 40
212 195 20
212 202 20
212 82 1040
192 200 540
192 105 20
192 146 260
192 78 400
192 147 340
192 148 260
192 107 20
192 236 20
192 194 240
192 80 20
192 150 20
192 196 40
192 132 620
192 177 60
192 233 100
118 105 160
118 131 100
118 79 280
118 106 40
118 107 60
118 158 20
118 82 40
118 175 20
199 119 140
199 105 360
199 193 500
199 131 140
199 204 160
199 106 60
199 107 60
199 201 300
199 80 100
199 150 380
199 81 320
199 195 100
199 202 100
199 82 1020
199 233 20
119 200 20
119 105 300
119 193 380
119 78 20
119 131 60
119 204 480
119 106 80
119 107 380
119 201 1280
119 80 120
119 150 220
119 81 160
119 195 120
119 202 200
119 82 680
119 224 100
119 152 20
200 146 200
200 78 3220
200 147 1020
200 148 260
200 194 200
200 211 20
200 150 20
200 237 40
200 207 60
200 175 40
200 132 80
105 146 20
105 193 340
105 78 500
105 131 1080
105 204 160
105 79 40
105 147 40
105 148 20
105 106 640
105 94 20
105 107 7120
105 194 20
105 201 100
105 80 820
105 150 80
105 81 120
105 195 260
105 202 160
105 82 4820
105 196 40
105 224 100
105 84 20
146 78 760
146 79 60
146 147 400
146 148 1340
146 106 20
146 94 200
146 120 100
146 107 20
146 194 840
146 80 20
146 151 1260
146 158 100
146 196 20
146 83 40
146 185 20
146 207 20
146 132 420
146 152 300
146 84 60
146 121 340
146 171 40
193 131 160
193 204 160
193 148 20
193 106 180
193 107 900
193 201 660
193 80 100
193 150 280
193 81 100
193 195 3340
193 202 120
193 82 380
193 224 240
78 131 240
78 204 20
78 79 20
78 147 660
78 148 240
78 94 140
78 219 20
78 120 80
78 107 140
78 194 960
78 149 20
78 150 20
78 81 20
78 166 820
78 158 20
78 82 160
78 196 20
78 83 60
78 175 20
78 132 220
78 152 80
78 84 40
78 121 80
131 204 60
131 79 20
131 106 780
131 107 740
131 201 280
131 80 140
131 150 20
131 81 240
131 195 80
131 151 20
131 158 20
131 202 200
131 82 580
131 207 20
131 224 1780
131 152 20
204 106 40
204 107 80
204 201 2080
204 80 240
204 150 160
204 81 60
204 195 320
204 202 140
204 82 180
204 224 100
204 152 20
79 106 880
79 219 20
79 80 120
79 82 40
79 175 20
79 152 20
79 84 60
79 121 40
79 159 40
147 148 160
147 94 40
147 95 120
147 120 440
147 194 220
147 149 1060
147 166 20
147 158 40
147 83 1480
147 132 6160
147 152 1040
147 121 980
148 94 60
148 120 60
148 236 20
148 194 1080
148 149 60
148 80 20
148 150 20
148 81 20
148 166 40
148 151 1380
148 196 80
148 83 60
148 207 120
148 132 220
148 152 120
148 84 140
148 121 140
106 120 40
106 107 1060
106 194 20
106 201 80
106 80 2400
106 150 540
106 81 60
106 195 180
106 158 80
106 202 260
106 82 100
106 83 20
106 224 60
106 152 60
94 95 640
94 219 400
94 120 3320
94 107 20
94 236 260
94 194 40
94 149 1220
94 211 20
94 80 200
94 239 300
94 232 400
94 237 120
94 166 600
94 151 1080
94 158 920
94 223 180
94 196 100
94 83 120
94 207 80
94 175 60
94 132 80
94 152 1300
94 84 80
94 121 860
94 159 20
94 171 20
95 120 20
95 149 20
95 211 20
95 237 80
95 166 40
95 158 1620
95 202 40
95 82 20
95 83 1740
95 185 260
95 207 380
95 132 160
95 152 860
95 84 20
95 177 440
95 121 1400
95 220 720
95 233 960
95 171 740
219 120 160
219 236 40
219 149 120
219 211 20
219 239 60
219 232 280
219 237 40
219 166 280
219 151 720
219 158 240
219 223 140
219 196 40
120 236 100
120 194 20
120 149 80
120 211 280
120 239 1900
120 232 120
120 237 900
120 166 340
120 151 80
120 158 1560
120 82 20
120 223 220
120 196 100
120 83 40
120 207 80
120 132 60
120 152 260
120 121 1920
107 201 180
107 80 2500
107 150 120
107 81 200
107 195 20
107 82 4340
107 83 20
107 132 20
107 224 280
236 149 780
236 211 40
236 239 320
236 232 100
236 237 20
236 166 240
236 151 300
236 158 520
236 223 20
236 196 740
236 207 2240
236 152 20
236 84 20
236 121 20
236 171 140
194 166 620
194 158 20
194 196 20
194 83 20
194 132 120
194 152 120
194 84 40
194 121 60
194 220 20
194 171 20
149 211 20
149 239 280
149 232 140
149 237 40
149 166 460
149 151 4960
149 158 760
149 223 520
149 196 240
149 83 1060
149 207 100
149 152 2340
149 84 20
149 121 120
149 159 40
149 171 660
211 239 20
211 232 100
211 237 2080
211 166 200
211 151 60
211 158 80
211 223 140
211 196 40
211 175 20
201 80 620
201 150 920
201 81 20
201 195 600
201 202 180
201 82 320
80 150 200
80 81 80
80 195 460
80 151 20
80 158 100
80 202 80
80 82 140
80 207 20
80 224 80
80 121 20
239 232 1860
239 237 120
239 166 240
239 151 500
239 158 1060
239 223 60
239 196 440
239 84 40
232 237 240
232 166 160
232 151 120
232 158 4500
232 223 80
232 196 200
150 81 80
150 195 160
150 202 140
150 82 1260
150 83 20
150 177 20
150 233 20
237 166 100
237 151 80
237 158 200
237 223 1700
237 196 80
237 152 20
237 121 20
81 195 80
81 202 100
81 82 260
81 132 20
81 224 1060
81 177 20
166 151 840
166 158 700
166 82 20
166 223 280
166 196 320
166 83 40
166 207 20
166 175 20
166 132 20
166 152 360
166 84 20
166 121 20
166 159 20
166 171 20
195 202 640
195 224 240
151 158 660
151 223 100
151 196 440
151 83 40
151 207 120
151 132 20
151 152 120
151 121 280
151 159 100
151 171 860
158 223 400
158 196 4920
158 83 100
158 185 20
158 207 40
158 175 20
158 132 20
158 152 800
158 84 180
158 121 1080
158 159 1260
158 171 40
202 83 20
202 177 20
82 207 20
82 132 20
82 224 180
82 220 40
223 196 60
196 207 780
196 132 20
196 152 20
196 84 60
196 121 20
196 159 20
196 171 120
83 185 420
83 207 440
83 132 840
83 152 2820
83 177 340
83 121 420
83 220 160
83 233 1080
83 159 40
83 171 320
185 207 640
185 152 180
185 177 160
185 121 300
185 220 1460
185 233 100
185 171 260
207 175 20
207 152 1240
207 84 40
207 177 260
207 121 660
207 220 520
207 233 420
207 171 680
175 132 20
175 84 1020
175 177 20
175 159 160
132 152 80
132 121 60
132 159 20
152 84 40
152 177 520
152 121 2120
152 220 460
152 233 500
152 171 360
84 121 80
84 159 160
84 171 20
177 121 100
177 220 180
177 233 980
177 171 1440
121 220 160
121 233 840
121 159 20
121 171 760
220 233 300
220 171 400
233 171 180
159 171 20
