1 2 20
3 4 20
3 5 20
3 6 40
3 7 20
3 8 100
3 9 220
3 10 40
3 11 20
3 12 20
3 13 20
3 14 80
3 15 120
3 16 60
3 17 20
3 18 40
3 19 120
3 20 1040
3 21 20
3 22 40
3 23 20
3 24 600
3 25 20
3 26 60
3 27 80
3 28 20
3 29 80
3 30 40
3 31 200
3 32 440
3 33 40
3 34 20
3 35 440
3 36 180
3 37 1180
3 38 20
3 39 20
3 40 440
3 41 20
3 42 60
43 44 1260
43 45 200
43 46 240
43 6 20
43 47 360
43 48 40
43 49 180
43 50 20
43 51 20
43 52 280
43 53 20
43 54 20
43 55 240
43 16 20
43 17 80
43 19 500
43 56 40
43 57 40
43 58 40
43 59 40
43 60 20
43 61 20
43 62 400
43 63 60
43 25 960
43 64 20
43 65 20
43 66 60
43 67 380
43 30 20
43 36 120
43 68 80
43 69 120
43 38 40
43 70 60
43 71 20
43 72 1460
73 3 20
73 74 40
73 46 20
73 75 40
73 5 20
73 6 20
73 76 20
73 47 120
73 77 20
73 49 340
73 78 580
73 79 20
73 80 4500
73 81 40
73 82 80
73 83 20
73 84 20
73 85 40
73 86 160
73 52 620
73 87 1060
73 55 860
73 88 20
73 89 460
73 10 680
73 11 140
73 13 60
73 16 40
73 56 200
73 90 360
73 23 480
73 24 440
73 91 120
73 92 160
73 93 40
73 32 40
73 35 60
73 68 40
73 37 20
73 39 80
73 94 20
73 70 640
44 95 360
44 96 260
44 47 400
44 97 60
44 98 60
44 99 140
44 53 40
44 88 80
44 100 20
44 101 20
44 11 20
44 16 360
44 17 20
44 18 60
44 19 40
44 57 100
44 59 20
44 60 480
44 62 40
44 63 380
44 92 60
44 102 480
44 29 80
44 103 13100
44 30 20
44 31 20
44 104 20
44 105 100
44 36 300
44 106 20
44 107 20
44 108 3000
44 109 20
44 110 840
44 38 20
44 111 20
44 112 20
44 113 20
44 72 60
74 3 40
74 4 260
74 114 140
74 5 280
74 6 220
74 8 180
74 115 280
74 84 780
74 85 40
74 86 420
74 116 20
74 55 220
74 11 180
74 117 40
74 12 20
74 14 200
74 16 80
74 17 40
74 118 160
74 18 100
74 19 40
74 23 40
74 119 960
74 63 1120
74 120 220
74 28 80
74 29 40
74 103 20
74 67 20
74 30 1040
74 34 80
74 121 660
74 36 40
74 39 20
74 94 1660
74 41 40
74 42 400
45 46 160
45 122 20
45 6 20
45 47 660
45 55 620
45 100 420
45 117 60
45 12 40
45 118 20
45 20 20
45 22 20
45 60 80
45 25 80
45 27 20
45 66 240
45 67 160
45 104 80
45 106 40
45 123 20
45 69 40
45 124 20
46 75 20
46 76 20
46 47 80
46 10 60
46 56 20
46 90 80
46 125 20
46 61 320
46 63 100
46 25 20
46 26 20
46 126 1700
46 66 60
46 28 20
46 67 80
46 93 80
46 32 800
46 106 60
46 69 80
46 39 2300
46 70 100
46 113 1520
46 71 40
127 95 200
127 47 20
127 118 4740
127 58 160
127 128 120
127 27 20
127 120 20
127 39 40
127 129 20
127 130 100
95 131 20
95 132 100
95 96 1420
95 114 300
95 133 40
95 47 300
95 134 18920
95 135 100
95 15 40
95 16 120
95 57 100
95 136 120
95 58 4260
95 62 20
95 137 80
95 63 40
95 92 120
95 29 20
95 138 20
95 139 20
95 33 60
95 36 180
95 140 60
95 141 20
95 142 20
95 143 20
95 144 6120
95 38 20
95 39 20
95 111 140
95 112 60
95 145 20
95 130 1020
95 124 280
95 113 180
131 146 60
131 147 20
131 21 20
131 58 40
131 60 20
131 137 60
131 25 20
131 26 20
131 65 60
131 33 40
131 36 220
131 142 320
131 143 1880
131 130 120
131 42 760
148 146 20
148 125 220
148 62 20
148 137 40
148 138 60
148 31 1900
148 32 240
148 68 20
148 109 20
148 38 20
148 129 20
75 96 20
75 5 700
75 76 200
75 8 40
75 47 20
75 138 20
75 33 20
75 106 40
75 110 60
75 149 120
75 39 80
75 94 80
75 113 20
4 5 40
4 6 40
4 150 20
4 27 80
4 66 20
4 120 360
4 29 20
4 121 20
4 68 40
4 38 40
4 39 20
4 71 20
4 41 20
4 42 4920
132 114 160
132 133 40
132 31 40
132 33 40
132 36 100
132 141 940
132 107 1340
132 143 1220
132 38 20
132 111 1220
132 112 120
132 145 20
132 130 180
132 72 80
146 103 80
146 151 20
146 33 20
146 36 80
146 109 60
146 143 600
146 112 20
146 145 80
96 5 20
96 6 180
96 7 20
96 47 60
96 104 120
96 36 120
96 123 60
96 140 1260
96 37 40
96 39 20
96 111 220
96 124 840
114 76 220
114 121 20
114 36 340
114 109 80
114 143 520
114 144 20
114 38 20
114 112 80
114 129 20
114 145 740
5 6 360
5 76 300
5 8 140
5 106 560
5 38 20
5 39 740
5 113 20
5 41 20
5 42 600
6 7 20
6 8 700
6 47 20
6 123 220
6 141 40
6 142 20
6 110 20
6 111 100
6 40 180
6 124 180
6 41 80
6 42 120
76 39 40
76 70 60
76 72 40
133 143 20
133 111 13300
133 152 40
133 112 1240
133 145 340
133 130 100
133 124 480
7 8 2800
7 152 40
7 41 60
7 42 20
8 42 40
153 73 20
153 74 60
153 154 20
153 51 320
153 86 40
153 11 40
153 118 1120
153 18 360
153 29 20
153 30 20
153 32 40
153 34 80
153 38 40
153 39 40
153 124 20
153 155 20
153 156 20
157 4 2260
157 158 20
157 79 1140
157 50 600
157 159 220
157 53 20
157 9 20
157 11 20
157 14 60
157 66 120
157 120 40
157 31 20
157 123 20
157 160 20
157 71 3220
157 42 140
2 3 60
2 73 20
2 74 60
2 75 40
2 4 20
2 6 20
2 7 20
2 8 60
2 161 20
2 48 160
2 79 20
2 162 120
2 98 80
2 85 60
2 163 20
2 53 20
2 164 40
2 55 40
2 88 20
2 11 60
2 165 140
2 135 20
2 15 100
2 16 100
2 17 220
2 166 20
2 18 40
2 19 160
2 20 20
2 21 160
2 167 1800
2 60 20
2 23 20
2 168 20
2 62 560
2 27 380
2 65 80
2 29 20
2 67 520
2 32 520
2 33 3000
2 34 40
2 121 80
2 110 20
2 169 20
2 37 40
2 149 360
2 40 20
2 145 80
2 41 60
2 72 20
2 170 20
2 155 40
2 171 140
2 172 60
2 173 1200
174 43 20
174 74 20
174 95 460
174 148 600
174 96 20
174 7 80
174 8 620
174 47 40
174 48 20
174 115 20
174 84 240
174 164 60
174 9 140
174 175 300
174 11 180
174 134 40
174 15 60
174 20 300
174 57 20
174 58 460
174 125 40
174 60 20
174 91 20
174 63 80
174 92 200
174 25 20
174 126 20
174 30 60
174 34 200
174 121 200
174 68 20
174 109 20
174 149 40
174 124 820
174 113 100
174 72 20
174 170 160
174 176 40
174 156 20
174 177 420
154 148 80
154 4 20
154 146 20
154 96 20
154 114 20
154 161 20
154 178 20
154 50 20
154 82 20
154 83 40
154 179 2080
154 180 40
154 181 20
154 182 40
154 86 120
154 183 20
154 184 20
154 185 1980
154 163 3640
154 186 120
154 164 60
154 88 160
154 101 26040
154 10 160
154 135 2240
154 15 140
154 118 20
154 147 100
154 136 60
154 125 600
154 60 20
154 23 580
154 62 320
154 137 780
154 92 20
154 65 20
154 151 160
154 31 120
154 32 40
154 33 20
154 107 40
154 109 620
154 143 160
154 124 20
154 170 20
154 187 20
188 3 20
188 73 320
188 44 40
188 132 20
188 114 100
188 6 20
188 133 20
188 8 480
188 47 1260
188 189 20
188 190 20
188 178 20
188 49 20
188 78 60
188 80 480
188 82 20
188 179 20
188 191 1100
188 84 20
188 99 20
188 192 820
188 181 40
188 52 60
188 87 20
188 185 80
188 9 1220
188 100 20
188 89 20
188 101 40
188 10 180
188 12 80
188 147 40
188 90 320
188 128 100
188 23 20
188 24 40
188 62 40
188 137 20
188 92 20
188 64 60
188 28 20
188 31 20
188 33 20
188 34 340
188 35 120
188 106 800
188 141 60
188 109 80
188 170 20
161 3 40
161 74 280
161 4 40
161 132 120
161 146 9540
161 5 580
161 6 400
161 133 260
161 7 20
161 8 120
161 47 600
161 189 2920
161 48 80
161 79 80
161 115 400
161 180 60
161 181 160
161 86 200
161 185 20
161 163 40
161 186 140
161 175 20
161 88 20
161 101 20
161 11 120
161 134 820
161 135 20
161 14 480
161 16 60
161 17 40
161 18 640
161 21 20
161 136 40
161 58 200
161 22 20
161 137 20
161 193 40
161 26 20
161 29 60
161 33 160
161 36 160
161 123 60
161 140 20
161 141 200
161 107 20
161 143 60
161 144 20
161 112 120
161 130 320
161 42 180
161 155 260
161 171 120
161 172 120
161 187 100
161 194 140
158 73 40
158 75 60
158 6 40
158 8 100
158 195 380
158 190 300
158 49 700
158 97 360
158 115 20
158 180 20
158 192 180
158 87 100
158 196 60
158 89 40
158 11 20
158 118 200
158 18 20
158 20 100
158 197 20
158 136 20
158 198 20
158 26 60
158 28 1900
158 35 40
158 69 440
158 39 320
158 199 20
195 75 1240
195 5 60
195 76 680
195 189 20
195 190 800
195 78 20
195 80 20
195 97 60
195 82 1540
195 83 40
195 192 60
195 10 580
195 118 20
195 20 200
195 197 60
195 24 100
195 120 80
195 35 20
195 106 20
195 39 120
195 94 80
195 70 20
189 73 140
189 44 20
189 75 60
189 5 440
189 76 240
189 47 800
189 190 40
189 178 760
189 82 20
189 83 120
189 162 1320
189 99 20
189 86 60
189 52 20
189 87 60
189 55 1380
189 9 1460
189 100 100
189 89 20
189 11 60
189 134 80
189 147 20
189 20 60
189 56 800
189 21 120
189 61 380
189 24 60
189 25 20
189 28 40
189 93 20
189 32 40
189 121 60
189 106 100
189 68 20
189 37 40
189 149 60
189 39 800
189 70 1680
48 3 100
48 44 140
48 74 40
48 45 20
48 95 200
48 96 4740
48 5 40
48 6 40
48 7 20
48 8 180
48 47 380
48 77 20
48 79 60
48 97 20
48 159 20
48 83 20
48 162 40
48 115 1640
48 84 20
48 181 100
48 86 20
48 9 320
48 100 580
48 11 40
48 117 1160
48 12 2820
48 14 1860
48 16 4160
48 166 20
48 118 20
48 18 60
48 19 80
48 197 20
48 21 40
48 58 80
48 22 60
48 60 20
48 137 360
48 26 40
48 64 400
48 27 420
48 28 20
48 29 1260
48 151 20
48 31 20
48 33 20
48 104 420
48 121 20
48 36 840
48 123 100
48 142 20
48 38 20
48 39 20
48 124 380
48 42 60
48 194 100
190 3 100
190 46 600
190 95 20
190 75 160
190 5 140
190 76 980
190 77 660
190 178 540
190 49 20
190 78 120
190 80 20
190 97 1240
190 82 1060
190 200 1340
190 84 80
190 192 80
190 86 460
190 52 80
190 87 1180
190 164 120
190 55 240
190 9 560
190 89 380
190 10 260
190 13 20
190 15 40
190 17 20
190 20 1360
190 23 180
190 24 20
190 25 260
190 26 160
190 126 60
190 28 960
190 29 20
190 32 680
190 34 20
190 35 440
190 106 220
190 109 80
190 37 1820
190 39 40
190 70 240
77 3 40
77 74 20
77 46 20
77 75 2800
77 5 580
77 6 20
77 76 80
77 7 20
77 8 20
77 78 40
77 200 20
77 115 20
77 192 740
77 85 20
77 86 20
77 87 20
77 55 120
77 196 700
77 9 120
77 11 40
77 18 40
77 19 20
77 20 660
77 61 20
77 23 20
77 26 20
77 28 20
77 30 440
77 32 20
77 105 20
77 35 20
77 106 180
77 38 20
77 113 100
77 41 20
178 3 480
178 44 20
178 75 20
178 5 5600
178 6 3280
178 78 1580
178 81 20
178 98 420
178 52 660
178 87 20
178 54 20
178 164 40
178 55 20
178 9 1020
178 15 880
178 18 20
178 90 140
178 61 1000
178 67 20
178 32 240
178 106 1340
178 37 80
178 39 1020
178 71 20
49 74 220
49 45 500
49 46 280
49 6 60
49 7 60
49 8 100
49 47 740
49 201 60
49 80 640
49 97 200
49 82 1140
49 115 20
49 51 40
49 86 20
49 52 1240
49 87 20
49 55 340
49 88 40
49 89 240
49 13 60
49 197 60
49 56 80
49 125 60
49 168 40
49 24 20
49 25 20
49 26 60
49 126 120
49 102 40
49 65 20
49 66 240
49 120 220
49 28 720
49 67 40
49 30 20
49 93 20
49 34 80
49 104 20
49 35 40
49 36 20
49 123 20
49 37 20
49 69 1520
49 39 4040
49 70 40
49 113 1540
49 71 20
78 3 80
78 114 620
78 5 20
78 6 1680
78 76 2280
78 47 40
78 201 80
78 50 20
78 80 80
78 98 1580
78 85 40
78 51 20
78 86 40
78 52 1460
78 87 460
78 164 80
78 55 280
78 9 40
78 10 5960
78 11 60
78 15 280
78 166 20
78 118 20
78 147 20
78 20 100
78 56 20
78 90 540
78 23 1020
78 24 180
78 28 40
78 32 120
78 33 20
78 35 480
78 37 180
78 70 20
78 145 40
78 113 20
79 3 40
79 74 20
79 4 480
79 5 60
79 7 20
79 50 140
79 83 20
79 115 40
79 85 40
79 86 20
79 11 40
79 12 20
79 16 20
79 17 60
79 18 40
79 21 20
79 22 40
79 26 20
79 27 20
79 126 40
79 66 500
79 34 20
79 121 20
79 123 60
79 71 840
79 42 1440
201 45 100
201 46 60
201 52 20
201 55 40
201 10 40
201 13 120
201 20 200
201 24 2560
201 35 440
201 39 60
202 146 20
202 159 2000
202 98 140
202 182 440
202 185 20
202 163 20
202 196 540
202 101 4180
202 203 180
202 14 40
202 147 20
202 57 20
202 128 480
202 59 760
202 119 140
202 204 1920
202 198 2980
202 62 20
202 137 20
202 63 120
202 150 1140
202 27 20
202 65 40
202 66 20
202 120 80
202 205 120
202 138 20
202 33 20
202 206 4040
202 207 20
202 169 20
202 160 5620
202 149 20
202 38 60
202 94 40
202 152 420
202 129 160
202 72 40
50 46 20
50 6 60
50 76 20
50 98 20
50 101 20
50 13 20
50 15 40
50 147 360
50 56 20
50 90 20
50 61 20
50 25 20
50 126 20
50 66 140
50 67 20
50 31 20
50 121 1320
50 109 500
50 39 40
50 71 400
80 3 60
80 5 60
80 76 20
80 47 20
80 97 40
80 83 100
80 85 340
80 86 20
80 52 240
80 87 520
80 55 180
80 89 100
80 10 100
80 20 20
80 90 80
80 57 20
80 59 20
80 23 120
80 24 40
80 27 20
80 28 1600
80 29 20
80 34 20
80 35 360
80 123 40
80 109 20
80 39 480
81 74 40
81 96 40
81 6 20
81 115 40
81 181 40
81 164 20
81 100 20
81 117 20
81 15 1080
81 20 20
81 167 80
81 125 140
81 91 120
81 25 60
81 150 40
81 32 80
81 33 160
81 34 200
81 104 20
81 68 860
81 37 20
81 38 20
81 94 40
81 145 60
81 72 1100
97 46 40
97 75 100
97 6 160
97 47 3080
97 82 220
97 200 60
97 115 20
97 84 820
97 86 300
97 52 80
97 55 20
97 196 20
97 165 1520
97 20 60
97 197 80
97 56 60
97 62 80
97 26 140
97 208 3840
97 126 460
97 120 20
97 28 2980
97 29 160
97 31 80
97 32 20
97 104 20
97 35 40
97 69 60
159 4 20
159 146 20
159 96 20
159 98 40
159 209 20
159 181 120
159 182 60
159 183 20
159 54 60
159 186 20
159 196 480
159 88 20
159 101 20
159 210 20
159 135 40
159 203 360
159 14 80
159 15 60
159 16 20
159 147 20
159 128 200
159 59 380
159 60 240
159 119 120
159 204 1980
159 198 300
159 63 40
159 92 20
159 25 20
159 150 200
159 120 300
159 205 100
159 151 40
159 138 20
159 206 560
159 109 40
159 169 20
159 160 20
159 149 20
159 38 100
159 152 2900
159 129 300
159 71 80
159 72 40
82 46 60
82 5 460
82 8 120
82 191 20
82 86 2200
82 52 160
82 87 120
82 10 360
82 20 100
82 197 40
82 23 40
82 24 40
82 62 40
82 26 60
82 64 20
82 126 1500
82 32 240
82 106 20
82 109 20
82 37 100
82 39 1060
82 40 20
82 113 1780
83 4 20
83 162 20
83 98 40
83 211 20
83 185 40
83 163 100
83 54 20
83 55 40
83 9 20
83 88 20
83 89 5120
83 11 60
83 117 40
83 134 20
83 165 40
83 135 20
83 203 40
83 13 60
83 15 20
83 147 40
83 21 60
83 125 20
83 60 60
83 24 20
83 91 480
83 137 20
83 92 40
83 65 140
83 120 40
83 29 20
83 103 140
83 31 20
83 121 600
83 206 20
83 35 20
83 37 20
83 143 40
83 149 140
83 94 20
83 70 40
83 113 40
83 71 40
83 72 340
179 131 20
179 148 100
179 132 20
179 146 40
179 8 20
179 98 80
179 191 20
179 212 160
179 180 20
179 181 40
179 211 20
179 183 2400
179 184 40
179 185 13620
179 163 620
179 54 20
179 186 100
179 88 920
179 101 8320
179 10 80
179 210 20
179 117 100
179 135 1200
179 15 160
179 147 1180
179 167 20
179 128 20
179 125 3220
179 23 300
179 91 20
179 62 40
179 137 4340
179 150 60
179 64 20
179 27 20
179 65 60
179 151 780
179 138 20
179 31 1140
179 32 20
179 33 360
179 121 20
179 68 60
179 109 1620
179 143 60
179 144 40
179 111 540
179 112 20
179 145 60
179 72 40
162 3 20
162 7 20
162 115 20
162 192 360
162 85 20
162 164 40
162 88 40
162 100 100
162 11 1120
162 12 700
162 134 20
162 203 680
162 14 260
162 16 140
162 118 40
162 18 20
162 21 560
162 167 120
162 128 40
162 60 2640
162 168 40
162 91 60
162 204 140
162 26 40
162 150 100
162 27 40
162 102 20
162 120 1900
162 103 60
162 67 20
162 34 20
162 121 80
162 123 560
162 149 500
162 38 260
162 112 20
162 129 1800
162 124 20
162 41 60
200 46 20
200 75 20
200 76 20
200 8 120
200 86 280
200 52 80
200 87 40
200 55 20
200 196 60
200 9 180
200 10 1680
200 15 40
200 56 140
200 26 20
200 126 5060
200 28 60
200 30 20
200 32 20
200 35 40
200 69 80
200 39 220
98 3 80
98 148 20
98 114 100
98 6 40
98 115 20
98 180 20
98 181 40
98 182 60
98 183 120
98 52 60
98 163 20
98 54 680
98 164 40
98 88 40
98 210 40
98 203 460
98 15 1680
98 90 120
98 57 40
98 128 20
98 59 20
98 22 400
98 92 20
98 150 20
98 27 1740
98 205 20
98 29 20
98 31 120
98 32 640
98 33 80
98 36 20
98 68 20
98 109 20
98 37 660
98 149 20
98 152 140
98 40 120
98 129 80
98 145 40
98 124 20
98 72 220
191 131 20
191 132 140
191 114 60
191 133 680
191 180 20
191 181 340
191 185 140
191 54 40
191 196 20
191 175 20
191 134 60
191 137 120
191 63 100
191 92 40
191 33 80
191 36 20
191 107 720
191 109 40
191 110 20
191 143 120
191 160 20
191 144 20
191 38 40
191 111 480
191 112 1520
191 130 60
212 148 20
212 183 2520
212 185 140
212 163 1920
212 135 20
212 15 360
212 125 200
212 62 600
212 109 400
115 3 40
115 95 40
115 4 20
115 96 3920
115 5 780
115 6 700
115 8 60
115 47 20
115 84 40
115 85 40
115 164 20
115 55 500
115 9 20
115 100 620
115 11 120
115 117 2180
115 12 1860
115 14 1480
115 16 120
115 17 20
115 118 20
115 18 200
115 19 100
115 21 40
115 59 20
115 22 20
115 60 20
115 23 20
115 62 20
115 63 20
115 25 20
115 26 40
115 150 20
115 64 1800
115 27 840
115 29 260
115 103 20
115 67 40
115 30 60
115 31 20
115 33 20
115 34 40
115 104 1880
115 121 940
115 35 40
115 106 40
115 68 40
115 124 840
115 41 60
115 42 260
115 72 40
180 127 1380
180 95 6460
180 4 80
180 114 740
180 99 20
180 181 180
180 175 60
180 88 20
180 118 60
180 147 20
180 136 60
180 58 120
180 60 20
180 62 20
180 27 20
180 120 20
180 29 60
180 139 320
180 33 40
180 36 620
180 140 20
180 142 200
180 144 20
180 39 20
180 112 20
180 40 20
180 130 20
84 3 140
84 75 40
84 4 20
84 96 20
84 6 980
84 7 1040
84 8 6120
84 47 20
84 85 20
84 163 80
84 54 20
84 100 40
84 11 280
84 117 20
84 16 20
84 17 40
84 166 20
84 118 40
84 20 120
84 21 20
84 22 40
84 23 20
84 62 20
84 92 40
84 26 420
84 126 20
84 29 380
84 30 440
84 31 540
84 34 3720
84 121 140
84 35 20
84 123 20
84 141 20
84 37 20
84 39 40
84 94 200
84 41 20
209 211 620
209 54 1040
209 203 20
209 15 40
209 141 20
209 107 20
209 38 980
209 40 40
99 75 60
99 86 100
99 211 280
99 53 5240
99 196 60
99 100 20
99 210 620
99 203 2600
99 18 20
99 21 40
99 57 20
99 128 20
99 60 140
99 61 40
99 92 580
99 27 20
99 102 160
99 65 40
99 29 40
99 103 460
99 33 20
99 104 20
99 121 220
99 105 1240
99 68 20
99 108 1020
99 110 5240
99 39 80
99 40 240
99 129 120
99 72 40
192 75 1380
192 114 160
192 76 20
192 47 40
192 163 20
192 196 20
192 9 20
192 10 80
192 12 760
192 20 80
192 150 20
192 120 40
192 33 40
192 35 60
192 106 1140
192 141 240
192 94 100
192 113 20
85 3 20
85 127 60
85 96 20
85 5 60
85 6 40
85 7 40
85 8 40
85 52 240
85 10 100
85 11 40
85 17 100
85 166 20
85 118 20
85 18 20
85 19 40
85 56 20
85 21 20
85 22 40
85 61 1320
85 23 20
85 26 20
85 29 40
85 34 20
85 35 240
85 39 4720
85 124 20
85 41 20
85 42 20
51 45 80
51 46 20
51 47 140
51 52 140
51 55 120
51 134 100
51 118 500
51 18 1240
51 20 20
51 92 20
51 25 20
51 66 60
51 67 60
51 34 20
51 35 20
51 109 20
51 37 20
51 69 140
51 70 120
51 71 40
181 95 100
181 132 260
181 146 60
181 133 220
181 182 440
181 185 220
181 54 80
181 186 100
181 55 40
181 175 20
181 88 40
181 100 20
181 101 80
181 10 20
181 210 920
181 12 20
181 134 440
181 118 40
181 56 20
181 136 560
181 58 380
181 128 1660
181 125 200
181 60 80
181 193 40
181 64 200
181 120 240
181 28 140
181 31 20
181 32 40
181 139 300
181 33 20
181 36 1060
181 207 40
181 141 120
181 107 2220
181 109 400
181 37 20
181 143 300
181 144 960
181 38 120
181 111 80
181 112 120
181 130 160
181 124 20
181 72 20
182 132 40
182 211 100
182 185 180
182 116 20
182 54 60
182 186 1360
182 196 5180
182 203 20
182 118 40
182 57 280
182 136 840
182 125 20
182 59 120
182 22 80
182 91 20
182 119 1400
182 204 180
182 198 20
182 63 3480
182 150 180
182 27 140
182 120 180
182 205 340
182 33 20
182 206 2540
182 107 60
182 109 20
182 37 20
182 160 200
182 144 20
182 38 80
182 111 20
182 152 1080
182 129 20
182 124 180
86 46 1800
86 114 220
86 5 540
86 47 220
86 184 20
86 52 120
86 87 80
86 53 20
86 164 60
86 55 180
86 9 20
86 10 80
86 165 80
86 15 20
86 90 80
86 57 80
86 23 20
86 137 20
86 26 20
86 208 60
86 126 500
86 28 20
86 30 60
86 151 940
86 32 120
86 121 200
86 35 20
86 68 100
86 142 20
86 110 40
86 37 20
86 38 20
86 39 960
86 94 20
86 124 60
86 113 1000
86 72 20
211 132 20
211 185 1000
211 163 20
211 54 4460
211 196 1920
211 88 20
211 101 80
211 11 20
211 135 40
211 203 460
211 15 40
211 58 20
211 128 20
211 59 20
211 22 40
211 119 60
211 62 20
211 137 20
211 103 20
211 138 140
211 206 100
211 109 20
211 38 2920
211 111 40
211 40 460
183 3 820
183 148 40
183 76 20
183 185 3120
183 163 920
183 88 180
183 101 60
183 135 80
183 15 960
183 18 20
183 147 80
183 125 1220
183 22 80
183 62 600
183 137 20
183 27 160
183 65 20
183 120 20
183 151 220
183 31 800
183 33 180
183 36 60
183 109 240
183 37 820
183 39 40
183 145 40
183 42 20
184 131 60
184 132 40
184 146 460
184 114 80
184 186 900
184 196 20
184 175 640
184 117 80
184 134 60
184 135 60
184 56 40
184 137 20
184 64 20
184 33 500
184 142 20
184 109 20
184 143 560
184 40 20
184 145 60
184 72 20
52 3 180
52 45 480
52 46 540
52 75 100
52 5 60
52 6 540
52 76 40
52 47 1240
52 87 1580
52 55 280
52 196 60
52 10 1220
52 13 20
52 15 20
52 147 60
52 20 80
52 197 20
52 56 40
52 90 400
52 60 40
52 23 500
52 24 60
52 126 3080
52 66 180
52 28 280
52 67 400
52 151 180
52 35 220
52 106 20
52 69 140
52 70 80
52 113 3580
52 71 20
87 46 140
87 75 20
87 114 340
87 76 20
87 8 40
87 55 320
87 89 1360
87 10 480
87 13 40
87 166 20
87 20 80
87 56 80
87 90 20
87 61 40
87 23 60
87 26 120
87 126 160
87 66 40
87 28 500
87 32 300
87 33 80
87 35 160
87 37 260
87 69 100
87 39 660
87 70 20
87 145 80
87 113 80
185 95 40
185 131 20
185 148 80
185 132 20
185 146 40
185 114 40
185 133 40
185 163 260
185 54 40
185 186 20
185 196 120
185 88 300
185 101 5000
185 10 20
185 117 40
185 12 60
185 134 40
185 135 1280
185 15 260
185 147 1360
185 136 40
185 58 40
185 128 40
185 125 2580
185 22 740
185 23 20
185 91 40
185 119 20
185 62 220
185 137 4920
185 150 80
185 64 60
185 27 1780
185 65 60
185 151 1780
185 31 2400
185 139 20
185 33 240
185 121 20
185 206 180
185 36 60
185 207 20
185 141 20
185 107 160
185 142 20
185 109 2260
185 143 140
185 160 20
185 38 60
185 111 60
185 112 40
185 72 20
116 196 120
116 12 60
116 59 40
116 204 40
116 198 60
116 63 160
116 150 40
116 205 20
116 33 60
116 206 20
116 160 20
116 38 40
116 129 20
116 113 40
163 146 40
163 54 460
163 186 60
163 164 900
163 88 2120
163 101 160
163 11 40
163 135 180
163 15 560
163 18 20
163 147 280
163 167 1080
163 59 20
163 60 20
163 91 20
163 119 20
163 62 3660
163 137 200
163 92 20
163 65 20
163 151 1480
163 31 420
163 33 20
163 34 120
163 107 20
163 109 820
163 143 20
163 94 720
53 127 20
53 75 60
53 114 20
53 47 40
53 54 160
53 100 20
53 101 20
53 12 60
53 203 40
53 57 20
53 136 20
53 59 60
53 119 20
53 137 60
53 63 160
53 92 1060
53 27 3280
53 103 340
53 93 80
53 31 20
53 206 460
53 105 780
53 123 40
53 108 880
53 110 7340
53 149 20
53 38 220
53 39 40
53 152 120
53 40 120
53 129 20
53 71 20
53 72 20
54 7 40
54 47 580
54 164 20
54 196 1320
54 88 40
54 101 40
54 12 60
54 203 140
54 118 20
54 147 160
54 58 80
54 60 100
54 119 580
54 62 360
54 137 20
54 63 1300
54 92 20
54 27 260
54 126 20
54 103 20
54 138 260
54 31 20
54 32 20
54 33 80
54 34 120
54 36 120
54 207 20
54 141 20
54 108 20
54 109 360
54 110 1060
54 169 80
54 38 3180
54 111 20
54 40 2020
54 129 160
54 130 20
54 71 20
186 95 260
186 131 1000
186 132 740
186 146 3660
186 114 40
186 6 20
186 133 20
186 175 280
186 88 40
186 101 40
186 10 80
186 134 200
186 15 20
186 118 160
186 147 40
186 21 20
186 58 1600
186 125 80
186 60 20
186 198 20
186 62 40
186 137 40
186 65 1920
186 28 340
186 29 20
186 151 200
186 31 40
186 33 100
186 36 40
186 141 1760
186 107 1280
186 109 140
186 143 9960
186 144 60
186 38 20
186 111 240
186 112 20
186 145 20
186 130 1080
186 124 20
186 42 20
164 3 20
164 96 20
164 5 20
164 6 40
164 9 60
164 11 140
164 135 20
164 15 1200
164 17 40
164 166 20
164 18 20
164 136 40
164 23 20
164 91 120
164 62 60
164 26 40
164 27 660
164 29 360
164 31 40
164 32 720
164 33 60
164 34 20
164 121 140
164 109 260
164 37 980
164 149 40
164 39 20
164 94 140
164 40 20
55 46 140
55 5 80
55 76 840
55 47 360
55 9 240
55 88 20
55 10 80
55 13 40
55 15 20
55 20 380
55 56 240
55 21 240
55 90 60
55 61 80
55 24 20
55 25 100
55 126 20
55 65 120
55 66 240
55 28 60
55 67 20
55 31 100
55 32 380
55 106 40
55 123 40
55 37 340
55 69 20
55 38 20
55 39 80
55 70 3640
55 113 140
55 41 40
196 114 20
196 210 60
196 135 20
196 203 120
196 147 100
196 57 4620
196 58 3820
196 59 200
196 119 1500
196 204 480
196 198 1300
196 137 40
196 63 2960
196 150 40
196 27 60
196 120 6400
196 205 100
196 28 60
196 103 20
196 138 940
196 31 20
196 206 2080
196 35 40
196 207 20
196 123 40
196 141 40
196 110 320
196 169 20
196 160 2780
196 149 40
196 38 600
196 152 1780
196 112 20
196 40 1780
196 129 360
196 130 300
9 75 20
9 5 4480
9 76 120
9 8 160
9 47 520
9 101 40
9 12 20
9 15 60
9 20 760
9 60 40
9 61 340
9 23 80
9 62 20
9 64 20
9 65 20
9 30 980
9 32 20
9 104 20
9 106 2060
9 37 160
9 38 40
9 39 20
9 152 20
9 71 20
9 42 220
175 95 3980
175 131 460
175 114 40
175 133 940
175 101 20
175 134 260
175 135 40
175 118 60
175 58 4120
175 137 60
175 63 40
175 92 540
175 141 20
175 107 80
175 142 200
175 143 560
175 112 40
175 145 100
175 130 440
175 124 480
175 113 60
88 131 40
88 148 100
88 7 320
88 89 580
88 101 640
88 12 20
88 135 380
88 15 480
88 18 20
88 147 380
88 197 20
88 56 20
88 21 20
88 58 20
88 125 120
88 59 780
88 91 80
88 62 120
88 137 240
88 92 20
88 65 60
88 103 20
88 151 1060
88 31 1080
88 34 80
88 121 100
88 206 20
88 107 20
88 142 20
88 109 80
88 144 20
88 39 40
88 112 20
88 70 60
88 130 20
100 96 80
100 6 820
100 89 20
100 117 200
100 12 480
100 134 100
100 14 40
100 16 100
100 18 1120
100 22 20
100 24 20
100 64 140
100 208 280
100 27 4460
100 66 300
100 28 20
100 29 1200
100 30 200
100 31 80
100 104 60
100 207 40
100 123 2900
100 110 20
100 149 40
100 70 20
100 124 400
89 7 240
89 8 340
89 10 160
89 13 400
89 56 560
89 90 40
89 126 20
89 65 20
89 66 20
89 28 140
89 34 60
89 142 20
89 39 600
89 113 20
101 148 6940
101 75 20
101 132 80
101 146 40
101 5 20
101 210 20
101 11 20
101 134 80
101 135 2020
101 203 20
101 15 40
101 147 380
101 58 160
101 125 3340
101 23 20
101 204 20
101 62 80
101 137 5320
101 92 20
101 150 40
101 28 20
101 30 320
101 151 600
101 138 80
101 31 280
101 33 160
101 140 20
101 142 20
101 109 360
101 144 20
101 149 20
101 38 200
101 39 80
101 111 60
101 145 120
101 130 40
10 5 320
10 76 160
10 8 160
10 135 20
10 13 40
10 17 20
10 20 260
10 21 40
10 90 180
10 23 6060
10 24 60
10 126 60
10 66 100
10 28 780
10 32 560
10 35 380
10 142 20
10 109 60
10 37 1720
10 39 20
10 113 60
10 41 60
210 114 40
210 128 120
210 125 20
210 59 40
210 119 20
210 204 60
210 63 1280
210 109 100
11 96 20
11 5 120
11 6 120
11 7 220
11 8 300
11 47 20
11 14 40
11 15 20
11 16 40
11 17 140
11 118 60
11 18 180
11 19 60
11 20 20
11 56 40
11 21 140
11 167 20
11 60 100
11 168 40
11 91 140
11 63 20
11 65 40
11 30 1600
11 138 20
11 34 240
11 121 4420
11 35 40
11 109 20
11 149 20
11 38 20
11 39 20
11 94 1120
11 70 80
11 41 20
117 132 40
117 96 3580
117 6 40
117 7 20
117 8 20
117 12 360
117 14 15020
117 16 140
117 17 60
117 118 20
117 22 280
117 60 60
117 23 20
117 24 20
117 137 1660
117 25 20
117 64 1940
117 208 20
117 27 420
117 29 680
117 30 20
117 31 80
117 33 20
117 34 20
117 104 1000
117 121 140
117 123 280
117 107 140
117 109 20
117 37 20
117 143 60
117 94 60
117 111 40
117 124 20
117 41 80
12 4 240
12 96 220
12 114 420
12 7 60
12 8 40
12 203 380
12 14 340
12 16 480
12 17 20
12 18 20
12 19 20
12 147 20
12 58 20
12 22 40
12 204 140
12 150 40
12 64 1440
12 27 900
12 65 60
12 120 860
12 29 1120
12 34 20
12 104 100
12 36 20
12 123 2940
12 142 80
12 38 660
12 129 20
12 124 760
12 41 20
134 132 80
134 114 60
134 76 20
134 133 80
134 136 280
134 58 1680
134 193 20
134 33 1780
134 36 20
134 140 20
134 141 400
134 143 40
134 144 960
134 149 20
134 112 200
134 145 1820
134 130 1020
134 124 20
165 47 1080
165 17 80
165 21 320
165 167 180
165 208 240
165 27 20
165 65 60
165 103 1660
165 67 60
165 206 140
165 149 200
165 41 40
135 15 80
135 147 40
135 125 420
135 22 60
135 61 40
135 23 20
135 91 100
135 204 20
135 62 40
135 137 1140
135 92 40
135 27 420
135 151 60
135 121 20
135 36 20
135 140 20
135 109 1060
135 38 20
135 39 20
135 111 20
135 130 40
135 124 20
135 113 20
135 71 20
135 72 40
203 118 20
203 147 100
203 128 40
203 59 360
203 119 1260
203 204 2420
203 198 2240
203 63 40
203 92 20
203 150 340
203 102 100
203 65 140
203 120 480
203 103 160
203 151 60
203 138 100
203 206 80
203 207 120
203 141 20
203 38 260
203 152 20
203 40 4120
203 129 1760
203 72 20
13 20 160
13 90 40
13 23 20
13 24 840
13 25 40
13 66 80
13 35 20
13 106 40
14 96 1340
14 5 240
14 6 260
14 7 160
14 8 100
14 16 320
14 18 320
14 22 20
14 60 580
14 24 20
14 64 240
14 208 20
14 27 260
14 29 440
14 103 20
14 34 20
14 104 40
14 121 40
14 68 20
14 123 20
14 38 6160
14 112 40
14 129 420
14 130 260
14 124 60
14 41 20
14 42 200
15 5 20
15 6 200
15 7 20
15 147 100
15 20 60
15 197 20
15 21 40
15 58 20
15 167 660
15 125 1540
15 22 80
15 60 540
15 91 100
15 62 1360
15 208 20
15 27 880
15 65 20
15 151 100
15 31 740
15 32 700
15 33 220
15 109 1380
15 37 1360
15 143 20
15 112 780
15 145 60
15 71 40
16 4 60
16 96 680
16 5 20
16 6 500
16 7 60
16 8 180
16 47 40
16 17 160
16 118 2500
16 18 80
16 19 180
16 60 540
16 26 20
16 64 860
16 27 120
16 102 80
16 29 2340
16 104 20
16 121 60
16 36 960
16 123 40
16 110 40
16 37 20
16 38 100
16 129 60
16 124 900
16 42 20
17 4 80
17 7 200
17 18 20
17 19 40
17 21 160
17 22 60
17 65 200
17 29 20
17 67 1980
17 35 20
17 149 240
17 41 1320
17 72 400
166 4 40
166 5 40
166 56 20
166 22 20
166 26 20
166 28 20
166 109 40
166 39 20
118 75 40
118 7 60
118 8 180
118 47 20
118 18 1520
118 20 20
118 21 40
118 125 1040
118 23 20
118 62 80
118 102 20
118 65 140
118 30 60
118 34 400
118 36 680
118 108 20
118 37 20
118 144 20
118 129 1240
118 124 280
18 4 40
18 5 240
18 6 160
18 7 20
18 8 100
18 19 20
18 21 120
18 22 20
18 91 20
18 137 40
18 25 180
18 33 20
18 121 40
18 35 20
18 68 20
18 123 60
18 108 60
18 109 40
18 149 20
18 38 40
18 42 140
18 72 40
19 4 60
19 5 40
19 6 80
19 8 40
19 47 20
19 59 40
19 22 20
19 60 20
19 62 20
19 63 1180
19 92 20
19 25 220
19 26 20
19 150 20
19 67 40
19 138 20
19 32 20
19 35 20
19 68 140
19 38 40
19 39 40
19 111 20
19 42 20
19 72 120
147 146 20
147 114 20
147 6 20
147 197 20
147 56 20
147 125 20
147 168 60
147 91 20
147 62 60
147 137 120
147 92 20
147 102 180
147 65 40
147 66 20
147 151 100
147 31 420
147 33 40
147 36 140
147 108 120
147 109 700
147 110 20
147 39 40
147 111 20
147 130 40
20 75 220
20 4 800
20 5 40
20 76 1500
20 8 40
20 47 20
20 197 40
20 23 20
20 24 80
20 120 60
20 30 40
20 32 60
20 35 80
20 106 300
20 109 40
20 37 40
20 39 120
20 70 100
20 113 20
20 72 20
197 75 40
197 5 320
197 90 40
197 23 180
197 126 200
197 28 160
197 138 20
197 37 660
197 69 20
197 38 20
197 111 20
56 148 20
56 90 20
56 61 60
56 92 20
56 126 940
56 65 60
56 28 100
56 67 20
56 121 600
56 149 80
56 69 420
56 39 180
56 70 1800
56 129 40
56 71 60
21 4 20
21 6 40
21 7 80
21 8 20
21 167 140
21 22 20
21 23 20
21 62 20
21 26 20
21 27 20
21 65 880
21 29 20
21 67 20
21 30 20
21 151 120
21 121 20
21 35 20
21 123 20
21 109 20
21 37 20
21 143 20
21 149 1500
21 39 20
21 70 40
21 41 60
90 6 280
90 47 20
90 24 180
90 66 40
90 28 40
90 67 40
90 93 20
90 35 20
90 69 80
90 70 60
90 113 40
90 71 20
57 96 20
57 58 20
57 119 300
57 63 1040
57 150 20
57 120 2240
57 205 140
57 33 20
57 206 40
57 160 40
57 38 620
57 39 40
57 40 120
57 129 20
57 124 200
57 113 60
57 71 20
57 72 60
136 132 140
136 133 520
136 58 140
136 137 200
136 193 500
136 29 20
136 33 280
136 36 980
136 140 20
136 141 80
136 107 240
136 142 60
136 111 20
136 145 600
136 130 2660
136 124 180
58 132 160
58 125 20
58 63 60
58 92 100
58 33 160
58 206 80
58 36 420
58 140 200
58 141 20
58 107 100
58 142 20
58 109 20
58 143 280
58 144 500
58 111 100
58 112 80
58 40 20
58 145 120
58 130 1540
58 124 320
58 113 100
58 42 40
167 23 20
167 168 20
167 62 40
167 92 40
167 28 20
167 67 20
167 30 120
167 93 60
167 33 20
167 109 20
167 110 20
167 149 280
167 94 20
167 40 100
167 129 20
167 41 20
128 4 20
128 59 20
128 119 1220
128 204 100
128 63 20
128 92 20
128 102 20
128 65 60
128 120 780
128 205 320
128 138 120
128 31 20
128 36 20
128 160 240
128 38 400
128 152 40
128 40 480
128 145 20
125 146 20
125 60 20
125 62 120
125 137 280
125 65 20
125 151 20
125 31 480
125 32 40
125 33 20
125 68 20
125 142 20
125 109 7500
125 143 20
125 160 20
125 38 40
59 119 160
59 204 2400
59 198 160
59 137 360
59 63 360
59 150 560
59 205 480
59 104 20
59 206 200
59 160 160
59 152 260
59 129 40
59 130 80
59 72 20
22 5 20
22 7 40
22 60 40
22 23 40
22 26 20
22 27 10500
22 29 300
22 31 160
22 36 100
22 123 20
22 39 20
22 94 20
22 41 20
60 96 40
60 6 20
60 133 20
60 47 20
60 91 20
60 204 280
60 92 140
60 64 580
60 27 80
60 102 760
60 120 1220
60 29 440
60 103 180
60 121 60
60 206 60
60 38 6120
60 152 80
60 112 2720
60 129 3560
60 72 40
61 5 740
61 76 40
61 47 20
61 23 20
61 24 20
61 63 240
61 92 40
61 28 20
61 32 40
61 106 1160
61 149 20
61 39 660
61 70 20
61 113 20
61 71 40
23 96 20
23 5 40
23 6 40
23 76 180
23 7 20
23 8 20
23 47 60
23 24 20
23 26 20
23 27 20
23 29 20
23 34 40
23 35 60
23 109 40
23 37 120
23 41 40
23 42 40
168 67 40
168 149 1380
168 39 20
168 41 20
24 132 20
24 5 1260
24 6 20
24 76 80
24 137 20
24 126 60
24 66 60
24 35 40
24 37 20
24 70 340
91 62 40
91 137 140
91 102 20
91 151 200
91 31 20
91 121 260
91 123 20
91 109 20
91 149 60
91 42 20
91 72 560
119 204 1440
119 198 680
119 63 4220
119 150 520
119 64 140
119 27 20
119 120 800
119 205 140
119 138 160
119 206 40
119 105 20
119 207 80
119 169 20
119 160 400
119 69 20
119 38 160
119 94 20
119 152 220
119 40 60
119 129 20
119 130 60
204 146 20
204 198 620
204 63 740
204 150 1540
204 64 20
204 120 820
204 205 300
204 138 100
204 206 500
204 160 480
204 149 40
204 38 140
204 152 980
204 129 420
198 92 20
198 120 360
198 205 20
198 206 60
198 160 2840
198 38 20
198 152 120
198 40 200
198 129 120
198 72 20
62 8 20
62 47 160
62 137 60
62 63 20
62 92 20
62 103 20
62 151 260
62 31 560
62 139 20
62 121 120
62 108 60
62 109 160
62 38 1040
137 132 120
137 146 100
137 114 40
137 6 20
137 133 240
137 150 180
137 208 1180
137 65 20
137 205 20
137 29 740
137 103 60
137 151 1120
137 31 120
137 36 420
137 141 20
137 107 40
137 142 120
137 109 180
137 143 100
137 38 60
137 39 80
137 111 2340
63 75 60
63 132 20
63 76 20
63 47 100
63 92 60
63 150 120
63 65 20
63 120 320
63 205 660
63 138 140
63 206 80
63 36 20
63 207 20
63 140 40
63 109 20
63 110 40
63 143 20
63 160 2120
63 38 40
63 94 20
63 152 40
63 129 140
63 124 120
63 113 20
63 72 60
92 102 80
92 65 20
92 103 1340
92 31 20
92 105 20
92 108 40
92 110 380
92 169 20
92 160 20
92 149 80
92 38 20
92 39 20
92 112 20
92 124 220
92 113 20
92 72 20
193 132 100
193 133 20
193 145 20
193 130 860
25 4 260
25 96 40
25 66 40
25 67 20
25 68 1060
25 69 60
25 70 60
25 72 960
26 96 20
26 5 40
26 6 20
26 126 220
26 28 680
26 30 220
26 32 100
26 35 40
26 109 20
26 37 40
26 69 40
26 39 20
26 111 20
26 130 20
26 41 60
26 42 20
150 8 20
150 120 60
150 205 240
150 138 100
150 206 160
150 141 20
150 109 20
150 152 80
150 129 20
64 96 420
64 6 40
64 8 60
64 29 180
64 123 20
64 39 100
64 124 100
208 6 20
208 133 3040
208 7 20
208 47 3120
208 27 120
208 29 320
208 111 180
208 124 220
27 96 520
27 6 300
27 7 40
27 47 540
27 29 4240
27 30 20
27 31 820
27 32 520
27 33 560
27 104 760
27 206 100
27 36 180
27 123 3380
27 109 20
27 37 900
27 143 20
27 149 20
27 124 2300
126 76 100
126 28 480
126 34 40
126 121 40
126 35 20
126 36 1320
126 106 40
126 69 300
126 39 460
126 113 60
102 65 120
102 120 200
102 28 40
102 34 20
102 121 20
102 105 40
102 108 60
102 110 120
102 38 560
102 129 260
65 120 40
65 205 20
65 67 20
65 121 20
65 105 40
65 107 20
65 109 60
65 110 100
65 143 100
65 39 100
65 124 20
65 71 260
65 42 20
66 76 200
66 47 220
66 106 80
66 69 140
66 71 40
66 42 80
120 138 2300
120 93 20
120 68 140
120 141 420
120 143 40
120 160 160
120 38 1740
120 152 40
120 40 1660
120 129 360
213 130 20
205 103 60
205 30 20
205 206 20
205 105 20
205 36 40
205 169 40
205 160 3500
205 38 60
28 5 40
28 6 40
28 8 20
28 32 20
28 121 20
28 35 2200
28 36 20
28 106 60
28 37 160
28 69 840
28 38 20
28 39 400
28 70 100
29 96 960
29 6 380
29 133 160
29 7 40
29 47 380
29 30 20
29 31 1300
29 34 20
29 104 660
29 123 360
29 142 20
29 111 400
29 112 40
29 145 20
29 124 180
29 41 20
29 42 40
103 96 80
103 31 20
103 105 240
103 110 460
103 38 360
103 41 20
103 72 40
67 47 60
67 93 20
67 149 140
67 69 120
67 40 20
67 70 40
67 71 60
67 41 40
30 114 120
30 8 260
30 34 20
30 121 320
30 110 20
30 94 1540
30 124 40
151 31 260
151 121 60
151 108 20
151 109 20
151 143 40
151 38 40
151 130 540
138 105 20
138 141 120
138 109 240
138 169 20
138 39 20
138 40 140
138 70 20
138 129 40
93 5 100
93 143 20
93 113 60
93 71 20
31 114 40
31 5 40
31 33 2640
31 34 40
31 36 160
31 107 20
31 109 100
31 37 180
31 143 100
31 38 20
31 112 20
31 40 880
31 145 20
32 33 40
32 34 140
32 36 80
32 106 20
32 109 120
32 37 6280
32 69 20
32 38 20
32 39 60
32 70 1080
32 145 40
139 33 20
139 108 20
139 144 340
139 130 280
33 96 20
33 114 440
33 133 20
33 36 180
33 140 220
33 141 20
33 142 20
33 110 20
33 37 80
33 143 20
33 144 40
33 112 20
33 40 480
33 129 40
33 145 6460
33 130 40
33 72 80
34 6 100
34 7 2960
34 8 4000
34 47 20
34 121 300
34 35 40
34 36 20
34 123 20
34 109 500
34 39 80
34 42 20
104 121 40
104 106 20
104 123 80
104 110 20
121 6 20
121 7 60
121 8 380
121 47 20
121 123 60
121 109 20
121 38 40
121 39 40
121 94 340
121 152 20
121 70 20
121 124 20
121 42 20
206 105 60
206 36 60
206 207 40
206 149 20
206 38 20
206 152 680
105 106 20
105 108 100
105 110 6040
105 152 20
35 8 20
35 142 1660
35 37 20
35 39 100
35 130 20
35 113 20
36 133 20
36 47 40
36 140 40
36 141 320
36 107 200
36 142 1880
36 37 60
36 160 20
36 144 20
36 111 220
36 112 20
36 40 1200
36 145 100
36 130 160
106 39 480
207 152 20
207 70 100
207 129 540
68 108 20
68 38 20
68 72 860
123 109 20
123 70 40
123 124 220
123 71 80
140 141 40
140 142 900
140 112 360
140 130 60
141 133 20
141 107 20
141 144 20
141 111 40
141 130 100
107 143 1960
107 144 20
107 111 60
107 112 40
107 145 20
107 130 2360
108 110 980
108 38 60
108 40 120
108 130 20
142 143 20
142 149 40
142 39 20
142 112 140
142 145 40
142 130 1280
109 143 20
109 144 40
109 149 280
109 38 20
109 94 20
109 145 20
110 47 20
110 38 20
110 39 80
110 112 20
110 40 720
37 7 20
37 38 20
37 40 20
37 70 320
37 145 40
37 113 60
37 72 160
143 38 60
143 111 20
143 112 20
143 130 1280
143 42 1220
160 40 20
160 129 20
144 111 20
149 69 40
149 38 60
149 39 20
149 113 60
149 41 1940
69 47 200
69 39 3620
69 70 60
69 71 20
38 40 20
38 129 4700
38 130 120
38 124 1060
38 72 20
39 7 140
39 8 60
39 47 20
39 152 60
39 70 40
39 124 40
39 113 1360
39 71 20
94 8 1480
94 42 2940
111 130 1520
111 113 40
152 129 140
152 130 120
112 145 20
112 130 820
112 72 20
40 129 40
40 124 40
40 72 20
70 47 100
70 129 340
70 71 40
70 41 20
145 130 60
113 47 80
71 47 20
41 42 20
214 44 40
214 148 120
214 132 20
214 47 1860
214 154 100
214 190 60
214 49 60
214 80 20
214 97 3960
214 82 300
214 179 40
214 200 300
214 84 40
214 86 100
214 52 340
214 87 920
214 185 20
214 55 20
214 9 240
214 89 60
214 101 40
214 10 20
214 165 640
214 15 20
214 16 20
214 166 20
214 197 20
214 56 540
214 125 80
214 26 100
214 208 2720
214 126 2520
214 28 320
214 29 500
214 67 20
214 30 20
214 31 220
214 32 440
214 34 800
214 121 40
214 37 20
214 69 20
214 39 20
214 70 40
214 113 20
214 215 2540
214 199 4460
214 187 60
216 3 100
216 73 760
216 74 20
216 75 80
216 96 20
216 5 60
216 6 20
216 7 20
216 8 120
216 47 40
216 2 80
216 188 500
216 161 180
216 158 40
216 195 20
216 77 60
216 78 100
216 79 40
216 201 40
216 80 40
216 162 720
216 115 120
216 192 320
216 85 40
216 86 20
216 52 180
216 9 20
216 10 120
216 11 220
216 12 140
216 14 60
216 16 180
216 17 80
216 18 160
216 19 40
216 21 60
216 90 20
216 60 2080
216 23 380
216 204 20
216 198 20
216 26 40
216 150 700
216 64 1840
216 102 80
216 120 1880
216 29 40
216 34 40
216 35 180
216 141 40
216 38 40
216 111 20
216 129 280
216 42 60
216 170 40
216 155 160
216 171 120
216 172 100
216 187 20
216 173 20
216 194 40
215 75 180
215 5 40
215 6 60
215 47 14180
215 158 100
215 49 100
215 97 2780
215 82 20
215 83 20
215 86 140
215 52 200
215 87 20
215 55 260
215 196 320
215 175 140
215 89 20
215 11 40
215 165 140
215 118 20
215 20 20
215 197 20
215 56 20
215 208 2660
215 28 80
215 93 3940
215 34 420
215 35 20
215 109 140
215 69 140
215 38 20
215 39 280
215 113 60
215 170 20
170 3 80
170 74 40
170 96 40
170 6 460
170 7 260
170 8 1800
170 48 60
170 190 440
170 49 20
170 79 40
170 82 20
170 200 60
170 115 60
170 180 20
170 84 120
170 85 40
170 164 40
170 10 1060
170 11 20
170 117 20
170 14 20
170 16 60
170 166 20
170 18 40
170 19 60
170 60 20
170 23 40
170 62 20
170 137 680
170 25 20
170 26 20
170 66 60
170 28 60
170 29 20
170 31 20
170 34 2440
170 121 60
170 35 500
170 39 20
170 94 1340
170 42 20
170 176 40
170 155 60
170 171 40
170 172 60
170 173 40
170 194 140
176 73 20
176 74 5240
176 4 60
176 114 120
176 5 240
176 6 100
176 161 40
176 190 40
176 49 540
176 115 220
176 192 20
176 85 20
176 86 240
176 164 20
176 100 40
176 11 100
176 117 20
176 14 40
176 118 20
176 18 60
176 119 20
176 62 240
176 63 40
176 26 20
176 120 60
176 29 20
176 30 4480
176 34 520
176 121 1760
176 68 1920
176 39 20
176 94 3880
176 41 20
176 42 1220
176 155 20
176 172 80
176 199 440
176 187 20
176 173 40
176 194 340
217 6 20
217 190 40
217 97 1340
217 82 20
217 84 1160
217 86 240
217 68 60
155 3 60
155 74 120
155 4 4340
155 96 1340
155 5 40
155 7 40
155 8 20
155 48 4400
155 77 20
155 79 20
155 162 40
155 115 760
155 192 20
155 85 40
155 181 20
155 53 3880
155 55 20
155 9 680
155 100 240
155 11 120
155 117 800
155 12 1620
155 14 1160
155 16 2440
155 17 40
155 166 20
155 18 80
155 19 60
155 21 40
155 22 60
155 60 20
155 64 40
155 27 780
155 29 1060
155 121 20
155 35 20
155 123 20
155 37 20
155 130 80
155 124 40
155 42 40
155 171 80
155 172 180
155 187 380
155 156 660
155 194 100
171 3 60
171 43 20
171 44 20
171 74 40
171 4 60
171 5 40
171 6 60
171 7 40
171 8 60
171 189 120
171 48 40
171 77 40
171 79 60
171 81 5600
171 159 300
171 162 20
171 98 120
171 85 40
171 54 20
171 164 120
171 11 180
171 12 20
171 134 40
171 14 60
171 16 40
171 17 20
171 166 40
171 18 140
171 19 60
171 21 40
171 167 60
171 22 20
171 23 20
171 204 20
171 25 20
171 26 20
171 27 220
171 29 20
171 32 140
171 33 40
171 121 40
171 207 20
171 68 1120
171 37 20
171 149 20
171 145 80
171 42 40
171 72 1860
171 172 80
171 199 20
171 187 40
171 194 60
172 3 60
172 74 160
172 4 20
172 96 620
172 114 400
172 5 120
172 6 120
172 8 140
172 48 60
172 79 80
172 162 60
172 115 2960
172 181 20
172 53 40
172 164 20
172 175 80
172 100 20
172 11 100
172 117 480
172 14 220
172 16 60
172 166 40
172 18 120
172 19 80
172 60 20
172 23 20
172 25 220
172 26 20
172 64 20
172 27 500
172 29 100
172 31 20
172 104 20
172 39 20
172 124 20
172 42 60
172 199 20
172 187 80
172 173 20
172 194 120
199 74 20
199 5 20
199 6 420
199 48 40
199 190 1140
199 77 20
199 178 1500
199 49 140
199 78 340
199 79 20
199 80 40
199 82 120
199 83 40
199 200 240
199 98 60
199 115 20
199 52 140
199 87 140
199 15 100
199 166 20
199 197 100
199 56 100
199 90 460
199 136 20
199 26 80
199 27 20
199 126 1060
199 28 740
199 121 80
199 35 280
199 36 20
199 107 40
199 144 20
199 69 840
199 39 280
199 145 80
199 187 40
187 3 20
187 43 20
187 73 20
187 44 20
187 74 40
187 132 20
187 114 20
187 5 80
187 6 180
187 7 20
187 8 20
187 189 80
187 48 160
187 49 20
187 202 20
187 81 20
187 179 20
187 115 160
187 85 100
187 51 60
187 181 500
187 182 20
187 185 20
187 54 20
187 100 3120
187 101 20
187 11 20
187 117 280
187 12 100
187 134 300
187 14 20
187 15 20
187 16 60
187 17 60
187 118 20
187 18 20
187 21 500
187 128 60
187 22 60
187 60 20
187 23 20
187 63 20
187 26 100
187 208 60
187 27 520
187 65 120
187 29 220
187 103 40
187 151 20
187 104 20
187 121 40
187 123 380
187 124 200
187 72 60
187 156 540
187 177 20
187 194 60
156 74 20
156 45 780
156 96 440
156 114 20
156 6 20
156 48 5220
156 49 460
156 115 80
156 183 40
156 55 80
156 100 380
156 117 14080
156 12 1140
156 14 220
156 16 260
156 17 140
156 118 20
156 60 40
156 61 40
156 25 20
156 64 180
156 27 340
156 65 140
156 29 220
156 67 60
156 30 280
156 104 140
156 121 40
156 123 60
156 39 140
156 70 20
156 124 220
173 3 20
173 44 120
173 74 60
173 96 20
173 5 20
173 7 20
173 8 60
173 79 20
173 162 940
173 115 80
173 84 20
173 85 20
173 53 320
173 10 20
173 117 20
173 12 20
173 16 20
173 17 240
173 21 1200
173 167 1960
173 23 40
173 168 440
173 62 240
173 92 20
173 26 20
173 67 40
173 33 20
173 35 20
173 37 20
173 149 2060
173 41 60
173 194 20
177 3 60
177 131 20
177 148 20
177 4 20
177 114 40
177 202 440
177 97 40
177 159 200
177 98 120
177 209 440
177 85 20
177 181 440
177 182 3820
177 86 20
177 211 220
177 183 40
177 116 820
177 53 360
177 54 1680
177 196 1620
177 101 40
177 203 1680
177 147 100
177 197 20
177 57 320
177 58 440
177 128 40
177 59 480
177 119 300
177 204 3260
177 198 20
177 137 20
177 63 520
177 92 20
177 150 1700
177 27 80
177 65 40
177 120 40
177 205 2720
177 138 20
177 34 240
177 206 260
177 207 440
177 68 600
177 108 40
177 169 20
177 160 1240
177 38 800
177 152 340
177 40 40
177 129 320
177 72 20
194 3 140
194 74 140
194 5 100
194 6 100
194 7 20
194 8 60
194 77 20
194 79 20
194 83 20
194 115 100
194 84 80
194 85 60
194 86 20
194 54 20
194 164 80
194 9 20
194 10 20
194 11 4400
194 14 60
194 16 20
194 18 80
194 21 40
194 23 20
194 91 40
194 119 200
194 63 280
194 26 60
194 27 40
194 30 5500
194 121 240
194 35 20
194 142 20
194 149 20
194 38 20
194 39 20
194 94 1660
